99999
99996
99956
99855
99852
99839
99806
99795
99754
99746
99740
99708
99703
99657
99647
99610
99570
99545
99526
99475
99442
99418
99414
99398
99364
99348
99347
99342
99330
99301
99298
99296
99289
99285
99225
99166
99135
99092
99064
99052
99032
98987
98953
98944
98925
98910
98897
98884
98857
98774
98726
98695
98660
98654
98546
98512
98510
98482
98481
98468
98444
98430
98396
98395
98348
98345
98310
98288
98257
98215
98212
98211
98189
98176
98141
98134
98133
98111
98108
98105
98059
98042
98012
97957
97952
97941
97933
97877
97875
97870
97863
97856
97843
97838
97836
97831
97829
97825
97817
97754
97723
97692
97691
97685
97658
97646
97636
97622
97621
97583
97492
97480
97439
97434
97417
97375
97367
97363
97284
97254
97233
97225
97216
97213
97194
97066
97063
97058
97035
96990
96977
96972
96937
96931
96921
96917
96913
96900
96881
96876
96855
96835
96822
96801
96790
96785
96765
96754
96751
96750
96735
96698
96665
96648
96646
96603
96552
96541
96535
96531
96510
96487
96451
96425
96419
96392
96381
96365
96348
96339
96335
96314
96301
96276
96270
96265
96136
96063
96033
96004
95990
95988
95952
95910
95886
95839
95835
95834
95828
95826
95825
95763
95740
95722
95684
95680
95669
95630
95603
95585
95561
95542
95511
95498
95480
95476
95396
95383
95379
95372
95370
95369
95339
95336
95327
95237
95206
95202
95194
95188
95161
95153
95146
95029
94999
94988
94974
94936
94910
94722
94704
94700
94697
94690
94583
94579
94568
94532
94524
94500
94493
94483
94471
94451
94420
94419
94415
94408
94386
94360
94323
94319
94318
94296
94273
94160
94159
94139
94109
94106
94096
94067
94017
94016
93980
93957
93948
93943
93904
93902
93858
93841
93838
93799
93746
93699
93664
93662
93648
93614
93599
93593
93578
93576
93559
93550
93543
93534
93531
93427
93398
93300
93297
93245
93243
93228
93193
93179
93177
93159
93156
93078
93015
92990
92988
92984
92964
92961
92909
92905
92898
92874
92869
92864
92853
92835
92833
92814
92782
92775
92716
92675
92649
92638
92636
92602
92591
92583
92575
92521
92510
92502
92467
92405
92383
92351
92338
92259
92225
92193
92165
92131
92121
92108
92058
92051
92026
91993
91990
91984
91948
91941
91938
91927
91921
91881
91880
91835
91834
91831
91822
91769
91757
91737
91723
91717
91709
91687
91672
91650
91649
91645
91639
91636
91612
91601
91579
91524
91500
91416
91406
91355
91326
91324
91306
91305
91279
91265
91254
91225
91158
91150
91141
91138
91092
91055
91050
91027
91021
90983
90956
90952
90884
90870
90834
90807
90738
90717
90690
90667
90629
90614
90575
90520
90507
90498
90475
90442
90441
90413
90384
90370
90351
90311
90300
90296
90263
90235
90164
90158
90099
90093
90090
90076
90005
89975
89968
89954
89908
89906
89896
89878
89830
89746
89661
89617
89615
89601
89593
89590
89562
89553
89515
89489
89455
89429
89393
89374
89363
89322
89303
89263
89246
89203
89122
89116
89069
89061
89018
88997
88992
88980
88960
88959
88943
88941
88938
88928
88898
88879
88826
88824
88778
88774
88759
88742
88724
88710
88703
88679
88676
88578
88506
88503
88480
88465
88461
88459
88410
88345
88341
88337
88319
88317
88304
88298
88270
88259
88258
88193
88166
88162
88092
88053
88049
88002
87997
87972
87954
87951
87915
87892
87830
87829
87827
87819
87811
87786
87776
87757
87748
87739
87735
87693
87681
87671
87666
87621
87595
87557
87530
87507
87500
87494
87489
87461
87458
87280
87265
87249
87226
87222
87209
87208
87189
87183
87140
87139
87100
87086
87059
87052
86982
86949
86944
86908
86801
86798
86796
86768
86757
86747
86726
86720
86687
86685
86673
86618
86603
86602
86590
86578
86539
86519
86508
86483
86466
86461
86429
86427
86356
86347
86340
86320
86279
86270
86266
86251
86249
86178
86151
86100
86096
86065
86055
86046
86017
86014
86003
85988
85972
85921
85871
85855
85842
85774
85767
85747
85739
85733
85697
85619
85616
85614
85609
85597
85591
85502
85462
85431
85406
85367
85308
85299
85277
85272
85259
85239
85229
85227
85206
85134
85123
85048
85040
85012
84952
84912
84910
84902
84843
84814
84792
84744
84719
84712
84711
84686
84683
84678
84674
84614
84606
84525
84376
84358
84354
84345
84329
84326
84318
84289
84258
84239
84237
84231
84224
84209
84183
84166
84161
84154
84130
84048
84018
84003
83998
83950
83893
83852
83812
83797
83762
83753
83704
83698
83697
83665
83606
83595
83534
83522
83511
83504
83464
83463
83451
83376
83353
83350
83317
83304
83284
83277
83274
83271
83166
83159
83114
83086
83078
83063
83047
83045
83026
82997
82991
82934
82919
82896
82892
82853
82813
82795
82781
82736
82703
82641
82611
82605
82572
82546
82545
82496
82488
82442
82439
82421
82403
82393
82385
82380
82378
82328
82303
82290
82277
82256
82250
82228
82219
82209
82205
82196
82180
82166
82149
82145
82106
82105
82104
82082
82070
82056
82024
82002
82000
81949
81922
81921
81918
81864
81860
81825
81765
81747
81744
81682
81678
81677
81664
81661
81571
81509
81504
81496
81485
81444
81406
81393
81345
81340
81332
81294
81286
81277
81267
81261
81236
81122
81117
81111
81095
81069
81053
81038
81024
80995
80994
80987
80977
80959
80933
80924
80920
80919
80916
80908
80854
80796
80795
80714
80685
80632
80604
80584
80520
80494
80488
80471
80466
80436
80411
80399
80376
80336
80302
80299
80265
80247
80235
80216
80208
80206
80151
80063
80062
80017
79990
79982
79968
79961
79912
79887
79854
79807
79782
79773
79743
79737
79690
79672
79665
79658
79542
79531
79474
79336
79327
79325
79317
79301
79298
79282
79269
79237
79228
79214
79207
79206
79197
79195
79192
79190
79172
79096
79076
79033
79031
78997
78956
78949
78937
78904
78833
78824
78746
78692
78678
78670
78667
78663
78653
78627
78601
78598
78578
78573
78525
78522
78502
78460
78459
78451
78441
78424
78369
78366
78353
78319
78292
78203
78173
78170
78153
78117
78088
78044
77973
77949
77934
77920
77910
77861
77835
77807
77789
77767
77764
77753
77700
77694
77688
77685
77652
77626
77625
77592
77555
77552
77545
77526
77512
77509
77460
77454
77360
77238
77223
77171
77151
77146
77124
77105
77055
77048
77042
77022
77018
77005
76943
76898
76885
76881
76852
76845
76808
76802
76769
76697
76686
76685
76662
76661
76649
76605
76593
76533
76526
76525
76504
76435
76424
76402
76359
76308
76298
76276
76269
76266
76220
76194
76177
76174
76133
76125
76123
76075
76045
76030
76019
76015
75996
75995
75993
75989
75986
75963
75950
75909
75883
75847
75838
75829
75819
75744
75676
75674
75659
75657
75653
75639
75635
75623
75620
75568
75558
75533
75531
75490
75477
75426
75421
75375
75374
75320
75280
75277
75265
75260
75240
75227
75216
75120
75100
75090
75075
75043
75027
75013
74947
74941
74913
74901
74852
74836
74802
74738
74716
74713
74664
74643
74617
74600
74547
74542
74501
74479
74457
74448
74376
74272
74260
74235
74217
74216
74175
74132
74112
74111
74098
74088
74040
74035
74000
73996
73946
73943
73940
73916
73906
73902
73862
73852
73834
73820
73806
73782
73737
73736
73718
73696
73688
73650
73609
73574
73550
73489
73413
73341
73314
73295
73280
73275
73269
73202
73168
73165
73156
73137
73114
73089
73047
73043
73032
73025
72993
72991
72975
72973
72950
72910
72902
72774
72767
72751
72749
72743
72738
72734
72731
72723
72706
72704
72676
72649
72611
72599
72524
72516
72483
72469
72465
72461
72442
72340
72333
72321
72318
72268
72264
72255
72228
72220
72204
72200
72198
72188
72178
72155
72129
72096
72088
72041
71971
71962
71929
71827
71826
71810
71807
71783
71770
71738
71697
71693
71668
71616
71567
71543
71534
71530
71519
71517
71493
71459
71410
71357
71339
71252
71203
71196
71190
71151
71097
71071
71066
71064
71047
71034
71032
71019
71015
70997
70993
70941
70881
70849
70846
70839
70819
70801
70722
70625
70616
70602
70563
70537
70535
70534
70528
70522
70506
70493
70489
70458
70449
70419
70400
70365
70345
70336
70305
70290
70261
70226
70203
70170
70168
70146
70133
70097
70089
70059
69995
69968
69960
69951
69935
69913
69909
69884
69848
69758
69756
69701
69691
69683
69670
69608
69581
69559
69550
69520
69504
69473
69462
69451
69450
69436
69424
69423
69408
69378
69373
69369
69337
69326
69276
69257
69206
69205
69203
69195
69189
69161
69160
69133
69125
69105
69071
69026
68982
68956
68954
68931
68860
68787
68744
68731
68727
68715
68707
68703
68659
68650
68640
68634
68606
68548
68544
68457
68401
68398
68386
68382
68368
68367
68353
68341
68335
68277
68214
68195
68157
68127
68122
68113
68112
68094
68086
68048
68041
68037
68031
68002
67968
67904
67893
67848
67842
67799
67774
67772
67740
67724
67703
67701
67695
67690
67685
67656
67655
67602
67589
67588
67582
67575
67572
67485
67460
67438
67432
67412
67366
67338
67334
67331
67327
67318
67313
67292
67269
67259
67241
67184
67150
67131
67106
67055
67037
67014
66987
66985
66919
66906
66893
66889
66865
66789
66788
66763
66757
66694
66692
66688
66665
66613
66546
66537
66516
66476
66471
66441
66424
66417
66416
66411
66381
66378
66321
66289
66270
66257
66254
66201
66165
66132
66038
66019
65991
65990
65949
65902
65896
65847
65802
65780
65736
65708
65702
65649
65644
65610
65597
65587
65569
65548
65530
65526
65515
65468
65465
65439
65435
65416
65382
65371
65359
65346
65343
65340
65328
65300
65253
65236
65156
65150
65122
65098
65084
65077
65060
65044
65031
65029
65028
65009
64981
64960
64933
64923
64906
64891
64880
64860
64856
64852
64838
64831
64804
64787
64786
64783
64736
64707
64667
64654
64640
64616
64555
64531
64521
64519
64485
64481
64470
64403
64346
64341
64335
64318
64315
64312
64164
64075
64065
64028
64026
63964
63779
63744
63691
63677
63665
63650
63609
63604
63590
63578
63538
63476
63474
63457
63444
63405
63385
63336
63308
63288
63284
63205
63192
63188
63156
63141
63128
63085
63060
63059
63055
63019
63004
62965
62789
62698
62687
62682
62632
62624
62594
62589
62586
62560
62557
62552
62526
62463
62448
62412
62408
62393
62367
62325
62316
62300
62273
62254
62231
62205
62200
62155
62105
62103
62084
62081
62065
62045
61997
61986
61977
61892
61888
61882
61881
61866
61788
61786
61784
61756
61752
61733
61729
61620
61619
61617
61606
61597
61596
61592
61590
61589
61576
61554
61513
61481
61473
61464
61409
61392
61379
61366
61353
61319
61310
61299
61274
61267
61262
61258
61255
61166
61165
61104
61095
61075
61037
61033
61024
61010
60954
60896
60872
60858
60835
60797
60752
60748
60741
60724
60716
60699
60694
60665
60639
60627
60610
60568
60487
60484
60465
60432
60368
60290
60285
60257
60253
60205
60191
60151
60121
60103
60089
60075
60074
60057
60015
59935
59933
59912
59867
59833
59824
59822
59753
59728
59691
59690
59625
59623
59622
59574
59570
59568
59538
59510
59506
59461
59454
59431
59422
59421
59407
59374
59368
59349
59320
59279
59263
59248
59215
59214
59193
59104
59081
59048
59002
58992
58989
58955
58907
58874
58866
58847
58825
58816
58799
58798
58771
58752
58722
58645
58627
58624
58528
58524
58514
58512
58440
58429
58393
58391
58382
58352
58348
58341
58338
58303
58177
58114
58026
58004
57981
57964
57893
57889
57836
57777
57764
57751
57649
57634
57628
57606
57514
57506
57505
57450
57438
57434
57378
57348
57344
57268
57263
57209
57200
57194
57186
57172
57142
57108
57102
57083
57073
56989
56932
56926
56923
56877
56824
56790
56779
56771
56748
56696
56683
56670
56638
56585
56547
56540
56529
56476
56441
56426
56421
56385
56334
56314
56272
56178
56142
56126
56091
56048
55946
55943
55875
55851
55841
55832
55821
55790
55778
55768
55764
55754
55753
55726
55725
55714
55682
55658
55628
55624
55589
55568
55520
55514
55497
55495
55487
55484
55446
55424
55420
55385
55361
55344
55292
55238
55236
55219
55209
55202
55190
55162
55155
55118
55088
55053
55014
55008
54962
54956
54944
54879
54852
54833
54824
54816
54815
54812
54809
54734
54689
54644
54545
54527
54426
54407
54391
54357
54305
54293
54264
54244
54232
54223
54196
54194
54192
54191
54170
54118
54111
54100
54069
54031
54016
53999
53990
53953
53940
53886
53820
53807
53718
53698
53617
53614
53609
53607
53605
53551
53525
53523
53488
53471
53443
53425
53396
53388
53381
53375
53351
53335
53204
53159
53120
53109
53057
53027
52983
52863
52821
52801
52796
52795
52790
52769
52763
52757
52722
52716
52675
52649
52643
52610
52609
52590
52568
52493
52464
52423
52394
52368
52349
52307
52300
52275
52235
52229
52129
52089
52066
52031
52005
52002
51992
51972
51957
51949
51942
51879
51868
51817
51811
51786
51728
51687
51685
51646
51606
51538
51429
51356
51344
51320
51313
51291
51287
51257
51252
51228
51217
51212
51161
51120
51119
51118
51111
51089
51087
51085
51080
51068
51041
51018
51013
51012
51008
51004
50962
50935
50930
50900
50890
50873
50751
50735
50725
50722
50707
50650
50640
50630
50598
50528
50490
50488
50476
50458
50449
50440
50425
50421
50370
50365
50354
50335
50332
50316
50315
50249
50248
50237
50223
50204
50164
50134
49979
49957
49953
49939
49927
49899
49878
49855
49831
49809
49802
49800
49795
49791
49771
49758
49720
49709
49683
49647
49643
49641
49562
49525
49416
49405
49326
49304
49265
49253
49211
49178
49174
49143
49138
49127
49098
49088
49064
49043
49017
48984
48979
48924
48894
48893
48843
48822
48814
48803
48791
48777
48738
48702
48699
48695
48680
48646
48626
48605
48590
48545
48533
48527
48427
48423
48387
48370
48347
48286
48272
48266
48243
48145
48140
48126
48122
48020
47991
47984
47979
47952
47935
47917
47911
47907
47896
47882
47851
47789
47780
47760
47753
47738
47735
47729
47726
47722
47674
47667
47654
47603
47569
47563
47501
47485
47463
47458
47456
47449
47444
47408
47337
47332
47296
47212
47176
47161
47160
47146
47142
47128
47125
47075
47073
47045
47036
47013
46982
46971
46963
46888
46884
46873
46790
46721
46626
46622
46601
46596
46574
46496
46466
46447
46426
46360
46333
46295
46240
46194
46161
46159
46156
46128
46125
46078
46064
46057
45997
45951
45937
45875
45825
45775
45771
45770
45766
45745
45721
45692
45677
45676
45669
45631
45598
45591
45579
45568
45565
45476
45442
45425
45417
45411
45327
45305
45295
45223
45175
45163
45153
45129
45126
45090
45081
45056
45025
45016
45009
45000
44969
44951
44925
44889
44875
44855
44845
44759
44699
44628
44611
44610
44594
44566
44525
44509
44503
44497
44492
44459
44375
44322
44277
44186
44158
44147
44078
44070
44058
44024
43993
43987
43974
43964
43954
43949
43936
43913
43893
43866
43854
43836
43800
43794
43778
43765
43737
43688
43650
43637
43636
43601
43533
43469
43467
43439
43431
43417
43350
43334
43325
43249
43231
43213
43207
43201
43179
43170
43147
43062
43007
42938
42937
42902
42852
42835
42833
42832
42698
42667
42662
42622
42609
42560
42554
42512
42486
42481
42465
42390
42304
42303
42233
42215
42200
42196
42191
42147
42054
42047
41988
41975
41967
41931
41905
41741
41729
41709
41607
41601
41587
41585
41582
41542
41539
41452
41413
41352
41342
41333
41307
41284
41271
41267
41232
41186
41169
41145
41020
40998
40989
40952
40945
40923
40922
40920
40912
40902
40891
40874
40820
40805
40794
40789
40787
40764
40680
40679
40672
40667
40618
40522
40503
40502
40479
40473
40466
40457
40456
40444
40439
40390
40377
40373
40342
40311
40286
40282
40279
40255
40236
40226
40217
40189
40181
40166
40156
40092
40062
40048
40042
40030
40027
39979
39973
39953
39938
39926
39911
39887
39879
39854
39809
39795
39789
39773
39761
39759
39752
39709
39664
39651
39640
39628
39627
39618
39613
39608
39548
39529
39492
39484
39446
39427
39415
39400
39386
39376
39374
39330
39308
39291
39289
39281
39261
39245
39191
39176
39123
39118
39107
39090
39085
39080
39015
39007
39000
38993
38977
38945
38940
38827
38804
38786
38759
38732
38715
38710
38681
38654
38609
38606
38563
38492
38490
38477
38451
38416
38411
38392
38374
38336
38300
38255
38240
38212
38186
38167
38164
38158
38106
38091
38076
38043
38041
37955
37950
37944
37907
37869
37863
37831
37791
37762
37752
37735
37728
37711
37687
37638
37607
37601
37599
37582
37570
37508
37475
37429
37378
37371
37360
37358
37345
37292
37291
37227
37225
37223
37209
37206
37190
37168
37149
37148
37142
37126
37022
36919
36908
36894
36893
36880
36872
36863
36826
36825
36762
36681
36677
36626
36537
36520
36453
36429
36360
36356
36349
36335
36296
36214
36204
36198
36195
36153
36136
36094
36037
36029
36017
36015
36000
35982
35952
35935
35895
35886
35738
35684
35675
35673
35671
35653
35635
35605
35586
35532
35517
35505
35434
35411
35363
35346
35324
35300
35294
35293
35289
35269
35259
35215
35161
35119
35099
35030
35027
35010
34951
34950
34946
34867
34854
34818
34685
34661
34634
34591
34548
34526
34499
34464
34449
34427
34404
34393
34364
34340
34326
34283
34274
34266
34237
34235
34214
34206
34196
34181
34175
34161
34129
34113
34093
34063
34016
33951
33941
33935
33933
33911
33844
33843
33801
33798
33797
33787
33771
33761
33759
33755
33723
33715
33679
33654
33632
33609
33478
33461
33459
33451
33427
33420
33417
33414
33409
33386
33363
33315
33309
33283
33221
33170
33167
33125
33098
33089
33061
33040
33025
32974
32967
32943
32917
32886
32883
32857
32839
32833
32821
32819
32800
32793
32784
32757
32715
32705
32680
32656
32652
32629
32599
32565
32525
32512
32493
32471
32469
32466
32443
32436
32429
32407
32337
32282
32274
32264
32261
32246
32232
32209
32193
32161
32037
31959
31900
31890
31879
31865
31804
31798
31752
31686
31660
31634
31586
31569
31545
31504
31460
31414
31243
31241
31240
31238
31177
31109
31100
31087
31082
31070
31062
31041
31031
30994
30986
30941
30917
30881
30863
30765
30764
30704
30681
30678
30674
30666
30577
30563
30511
30506
30494
30436
30409
30406
30404
30375
30359
30324
30318
30306
30179
30175
30146
30053
30025
29959
29929
29896
29845
29837
29789
29771
29768
29738
29720
29716
29671
29631
29587
29567
29563
29524
29496
29485
29482
29480
29469
29463
29378
29368
29356
29307
29306
29270
29241
29236
29221
29184
29162
29128
29086
29081
29050
29013
28989
28988
28967
28966
28901
28890
28882
28867
28807
28799
28757
28755
28742
28739
28694
28681
28680
28676
28669
28668
28655
28649
28645
28636
28592
28591
28590
28565
28531
28494
28492
28467
28463
28456
28441
28427
28371
28337
28311
28292
28283
28272
28247
28228
28192
28178
28109
28108
28048
28027
28025
27996
27989
27984
27965
27938
27885
27874
27807
27776
27765
27711
27639
27606
27591
27590
27575
27528
27450
27446
27396
27375
27372
27341
27327
27294
27287
27276
27250
27245
27224
27098
27043
26980
26934
26926
26912
26823
26771
26768
26756
26718
26686
26661
26644
26622
26620
26611
26608
26590
26491
26417
26399
26348
26324
26316
26302
26234
26158
26118
26040
26031
26020
26016
26010
25959
25953
25941
25915
25876
25871
25867
25858
25853
25835
25825
25805
25766
25764
25680
25664
25632
25613
25591
25499
25475
25441
25427
25415
25413
25374
25371
25366
25345
25337
25323
25237
25236
25235
25196
25161
25156
25148
25113
25107
25078
25054
25047
25035
25016
25001
24996
24975
24965
24955
24913
24897
24749
24745
24737
24713
24702
24571
24554
24530
24509
24508
24448
24343
24322
24316
24235
24230
24159
24045
23988
23985
23981
23948
23932
23916
23911
23875
23863
23848
23842
23829
23802
23789
23786
23742
23689
23684
23636
23608
23596
23562
23561
23541
23536
23490
23489
23475
23458
23443
23433
23429
23406
23365
23348
23346
23312
23294
23242
23221
23209
23196
23161
23159
23141
23130
23107
23069
23033
23001
22983
22963
22934
22914
22907
22875
22858
22712
22709
22668
22667
22580
22521
22471
22417
22374
22326
22314
22298
22263
22247
22243
22226
22202
22177
22174
22145
22143
22121
22117
22113
22091
22069
22047
21993
21929
21918
21912
21873
21863
21850
21800
21795
21764
21743
21742
21703
21680
21677
21668
21600
21577
21567
21490
21461
21422
21383
21366
21346
21332
21304
21258
21250
21240
21199
21167
21154
21144
21125
21054
21024
20885
20868
20864
20853
20852
20802
20778
20728
20692
20681
20608
20606
20546
20545
20512
20486
20485
20374
20307
20264
20252
20226
20223
20209
20203
20196
20151
20116
20090
20054
20051
20025
19999
19958
19941
19898
19897
19885
19869
19855
19808
19786
19717
19633
19548
19544
19525
19474
19471
19422
19380
19353
19319
19318
19311
19309
19308
19307
19262
19208
19202
19176
19169
19123
19119
19105
19090
19054
19034
19010
18980
18956
18955
18918
18903
18899
18842
18831
18808
18799
18762
18749
18738
18724
18698
18670
18625
18576
18572
18566
18557
18545
18506
18484
18467
18384
18369
18361
18265
18212
18186
18179
18135
18073
18028
17983
17981
17945
17926
17868
17861
17849
17808
17788
17754
17743
17741
17688
17686
17685
17678
17639
17630
17594
17576
17543
17538
17435
17424
17412
17404
17389
17371
17346
17308
17253
17240
17199
17198
17158
17082
17070
17069
17062
17047
17016
16989
16988
16937
16914
16817
16805
16778
16750
16745
16736
16713
16684
16620
16603
16578
16520
16501
16499
16489
16487
16481
16467
16444
16437
16432
16428
16414
16405
16403
16388
16385
16382
16378
16306
16252
16245
16211
16190
16136
16118
16086
16063
16053
16025
16006
15987
15967
15965
15964
15963
15922
15919
15916
15905
15859
15854
15835
15832
15815
15813
15807
15778
15774
15758
15740
15735
15700
15642
15626
15604
15601
15591
15588
15582
15572
15499
15489
15458
15438
15407
15396
15382
15371
15348
15324
15275
15268
15258
15217
15138
15117
15110
15045
14968
14959
14954
14909
14832
14831
14827
14789
14776
14768
14761
14686
14675
14664
14635
14616
14598
14590
14587
14551
14536
14530
14503
14502
14492
14456
14412
14409
14397
14378
14374
14372
14350
14339
14307
14255
14206
14145
14123
14103
13956
13940
13904
13868
13863
13854
13841
13823
13716
13712
13696
13633
13549
13508
13481
13477
13462
13381
13380
13349
13290
13261
13241
13183
13147
13146
13090
13039
13038
13026
13016
12995
12954
12918
12881
12847
12809
12665
12618
12586
12577
12566
12553
12539
12536
12535
12507
12505
12485
12431
12422
12414
12386
12363
12338
12204
12200
12183
12114
12110
12071
12037
11971
11954
11941
11903
11901
11854
11848
11847
11812
11806
11802
11800
11772
11770
11747
11735
11703
11701
11676
11638
11632
11601
11452
11449
11440
11403
11349
11337
11328
11266
11222
11147
11120
11089
11085
10983
10977
10973
10909
10892
10833
10820
10771
10744
10721
10718
10651
10649
10643
10637
10579
10554
10526
10516
10512
10483
10479
10475
10462
10461
10458
10456
10447
10444
10442
10402
10369
10367
10302
10287
10274
10257
10236
10233
10208
10186
10176
10166
10152
10080
10067
10050
10040
9926
9875
9835
9801
9766
9747
9733
9727
9702
9701
9684
9677
9664
9587
9585
9579
9578
9551
9524
9499
9465
9397
9389
9339
9317
9310
9293
9181
9179
9146
9085
9063
9033
8965
8956
8914
8904
8901
8898
8864
8860
8835
8820
8809
8803
8654
8640
8632
8621
8604
8602
8572
8565
8532
8478
8463
8458
8454
8433
8397
8387
8375
8366
8351
8343
8336
8283
8246
8219
8213
8167
8057
8049
8048
8031
7999
7991
7980
7960
7950
7949
7917
7891
7859
7819
7800
7766
7759
7752
7728
7679
7653
7616
7601
7595
7584
7547
7537
7532
7526
7510
7504
7494
7468
7467
7426
7392
7387
7317
7305
7275
7186
7123
7069
7060
7045
7042
7041
6985
6965
6926
6898
6861
6842
6837
6757
6748
6722
6715
6624
6594
6570
6515
6489
6432
6378
6374
6363
6349
6342
6338
6302
6294
6265
6242
6231
6227
6221
6218
6184
6153
6097
6078
6030
6019
6011
5932
5909
5855
5846
5801
5782
5781
5752
5688
5682
5540
5521
5499
5490
5447
5427
5417
5383
5341
5282
5263
5229
5226
5211
5178
5132
5060
4993
4976
4930
4910
4852
4821
4806
4763
4728
4682
4671
4618
4608
4585
4583
4475
4457
4450
4439
4389
4362
4355
4340
4315
4266
4259
4164
4151
4112
4103
4021
4014
4007
3958
3945
3926
3899
3874
3825
3745
3744
3681
3651
3649
3638
3614
3613
3590
3583
3574
3557
3541
3540
3538
3527
3525
3521
3516
3452
3451
3448
3441
3432
3420
3415
3413
3367
3362
3348
3345
3326
3318
3302
3229
3206
3202
3179
3170
3066
3065
3062
2988
2982
2959
2903
2898
2892
2825
2796
2788
2784
2782
2740
2733
2727
2660
2617
2592
2519
2496
2467
2441
2440
2424
2415
2329
2318
2285
2235
2226
2203
2189
2165
2160
2158
2082
2077
2061
2055
2052
2050
2041
2006
2003
1938
1893
1863
1849
1800
1796
1791
1740
1725
1714
1712
1691
1664
1643
1634
1633
1611
1588
1507
1476
1450
1428
1349
1346
1321
1286
1237
1180
1150
1122
1117
1110
1109
1042
1041
1040
1005
984
982
953
905
888
863
842
773
765
730
710
690
686
683
643
636
586
585
582
562
506
505
501
499
492
459
457
403
368
336
330
286
269
221
209
171
89
75
63
43
7
6
