99997
99976
99966
99960
99959
99957
99934
99899
99858
99713
99689
99678
99667
99639
99625
99569
99553
99551
99514
99457
99424
99346
99332
99290
99208
99141
99135
99124
99081
99061
99044
98948
98938
98853
98840
98813
98781
98620
98578
98559
98545
98497
98462
98461
98442
98372
98371
98353
98334
98290
98279
98273
98259
98239
98222
98198
98192
98179
98137
98096
98050
98007
97993
97982
97979
97946
97922
97901
97855
97824
97798
97726
97659
97616
97551
97532
97529
97396
97345
97306
97297
97285
97273
97267
97252
97223
97210
97147
97135
97118
97066
97064
96988
96985
96912
96898
96877
96832
96815
96762
96682
96637
96606
96562
96503
96496
96493
96313
96299
96284
96272
96174
96161
96157
96056
96044
95959
95910
95906
95876
95860
95857
95826
95819
95814
95787
95769
95762
95748
95667
95606
95564
95531
95508
95464
95447
95444
95430
95383
95375
95345
95344
95253
95249
95226
95219
95207
95198
95193
95176
95140
95124
95110
95016
95014
94964
94825
94797
94758
94699
94697
94689
94673
94569
94547
94526
94496
94385
94373
94342
94330
94320
94304
94258
94249
94239
94138
94136
94102
94073
93975
93833
93822
93821
93820
93798
93759
93730
93706
93662
93648
93626
93615
93581
93557
93553
93504
93501
93467
93460
93389
93360
93356
93288
93284
93239
93238
93227
93224
93218
93150
93142
93141
93122
93099
93070
93038
93019
92997
92994
92943
92889
92865
92849
92803
92779
92763
92755
92739
92720
92687
92521
92512
92425
92413
92376
92331
92328
92325
92322
92190
92152
92120
92035
91992
91929
91803
91765
91752
91750
91742
91726
91661
91652
91590
91503
91498
91473
91472
91452
91449
91446
91417
91405
91403
91402
91331
91229
91185
91184
91162
91105
91063
91060
91038
91015
90978
90977
90944
90931
90916
90848
90835
90833
90804
90784
90718
90657
90644
90629
90622
90609
90607
90583
90532
90490
90375
90334
90298
90239
90221
90218
90174
90167
90166
90093
90066
90028
89965
89939
89901
89898
89880
89795
89753
89610
89479
89421
89416
89354
89256
89167
89160
89114
89076
89062
89018
88884
88875
88866
88865
88836
88823
88815
88784
88659
88642
88597
88543
88473
88464
88449
88380
88375
88374
88323
88322
88308
88295
88275
88252
88187
88131
88106
88059
88005
87918
87896
87822
87816
87771
87746
87738
87731
87680
87656
87643
87641
87638
87562
87534
87494
87487
87394
87330
87231
87223
87188
87151
87148
87142
87090
87059
87013
86981
86970
86951
86925
86883
86861
86852
86836
86822
86818
86775
86763
86742
86735
86675
86601
86547
86531
86503
86431
86419
86332
86331
86329
86316
86285
86265
86264
86195
86191
86190
86142
86122
86119
86107
86091
86028
85934
85904
85893
85888
85879
85830
85803
85781
85765
85757
85712
85691
85582
85538
85490
85474
85465
85457
85387
85383
85340
85305
85303
85147
85130
85008
84995
84979
84909
84908
84883
84881
84874
84829
84784
84687
84685
84446
84403
84388
84384
84298
84276
84187
84174
84172
84156
84080
84070
84052
84029
84002
83928
83854
83795
83762
83760
83740
83723
83652
83630
83610
83579
83530
83515
83501
83498
83477
83401
83395
83343
83294
83288
83280
83189
83133
82978
82907
82896
82846
82845
82784
82782
82767
82756
82755
82678
82677
82610
82607
82548
82543
82537
82514
82495
82460
82421
82400
82365
82364
82284
82244
82189
82142
82128
82102
82028
82018
82007
81991
81954
81882
81877
81844
81837
81753
81675
81670
81615
81589
81575
81561
81555
81464
81460
81436
81357
81329
81317
81297
81293
81257
81229
81160
81137
81134
81069
81064
81060
81035
81018
80998
80990
80961
80947
80763
80725
80722
80721
80663
80659
80649
80615
80572
80452
80443
80434
80424
80422
80415
80410
80366
80356
80310
80273
80259
80255
80195
80189
80185
80166
80130
80102
79956
79955
79906
79904
79855
79820
79812
79746
79728
79715
79679
79580
79577
79523
79521
79497
79484
79478
79400
79351
79230
79225
79208
79197
79177
79140
79099
79042
79013
78993
78972
78941
78879
78836
78811
78785
78761
78753
78744
78737
78611
78571
78558
78490
78481
78451
78447
78422
78385
78347
78324
78273
78268
78235
78217
78211
78203
78199
78191
78185
78167
78062
77889
77886
77873
77869
77771
77761
77759
77734
77721
77686
77598
77580
77500
77498
77483
77376
77359
77344
77342
77327
77311
77302
77190
77177
77170
77124
77096
77095
77065
77055
76998
76957
76849
76790
76731
76727
76725
76696
76527
76461
76369
76353
76327
76324
76235
76169
76150
76054
75969
75950
75932
75909
75868
75849
75822
75794
75788
75787
75752
75742
75736
75698
75679
75658
75645
75635
75588
75549
75516
75510
75497
75488
75458
75390
75341
75329
75261
75229
75201
75188
75186
75076
74967
74955
74950
74945
74931
74920
74835
74783
74780
74776
74761
74757
74718
74683
74655
74644
74632
74587
74586
74584
74537
74528
74489
74456
74419
74365
74329
74316
74260
74216
74213
74179
74154
74135
74083
74055
74022
73955
73936
73877
73856
73808
73794
73778
73748
73736
73732
73723
73721
73718
73716
73683
73681
73615
73598
73591
73512
73492
73454
73395
73346
73311
73276
73269
73257
73234
73233
73219
73186
73159
73117
73113
73092
73083
73058
73036
72975
72970
72928
72917
72882
72839
72778
72709
72682
72677
72657
72614
72613
72597
72565
72554
72428
72408
72389
72380
72354
72323
72264
72227
72220
72215
72144
72122
72108
72075
72074
72035
72026
71993
71933
71918
71886
71883
71867
71783
71654
71649
71645
71559
71535
71527
71457
71440
71432
71417
71395
71354
71342
71334
71242
71225
71202
71127
71118
71113
71104
71001
70987
70937
70934
70877
70853
70814
70810
70805
70741
70702
70701
70641
70615
70604
70586
70566
70491
70459
70399
70243
70209
70185
70169
70017
70015
69956
69928
69913
69845
69743
69689
69673
69647
69607
69600
69566
69541
69536
69501
69441
69403
69365
69361
69357
69321
69302
69287
69226
69181
69179
69147
69141
69136
69133
69121
69089
68987
68976
68945
68933
68919
68903
68859
68851
68844
68841
68828
68787
68746
68722
68686
68605
68507
68449
68444
68427
68414
68381
68335
68306
68211
68016
68005
67972
67954
67944
67911
67904
67861
67797
67783
67773
67742
67736
67726
67722
67669
67665
67653
67651
67645
67605
67596
67588
67550
67461
67350
67285
67242
67220
67206
67168
67165
67157
67038
66944
66864
66720
66706
66701
66640
66611
66580
66545
66533
66519
66428
66384
66369
66305
66250
66192
66176
66167
66160
66130
66066
66010
65999
65976
65960
65938
65933
65906
65905
65875
65863
65800
65795
65793
65774
65742
65741
65730
65724
65697
65648
65633
65567
65528
65503
65492
65349
65260
65209
65151
65121
65108
65095
65077
65050
65020
64982
64956
64933
64781
64778
64772
64730
64677
64652
64649
64604
64592
64577
64536
64475
64384
64294
64217
64128
64050
64028
64022
64003
63973
63967
63842
63770
63698
63659
63632
63621
63615
63614
63589
63540
63537
63531
63474
63427
63419
63378
63372
63367
63343
63333
63284
63270
63232
63218
63185
63153
63123
63113
63098
63092
63077
63069
63023
63019
62965
62871
62768
62743
62742
62719
62710
62680
62660
62618
62608
62590
62584
62578
62569
62472
62428
62403
62253
62244
62235
62234
62082
62061
62013
61991
61985
61983
61953
61929
61880
61839
61838
61836
61755
61736
61726
61666
61630
61574
61517
61502
61462
61459
61421
61410
61406
61399
61374
61367
61349
61335
61333
61307
61289
61267
61228
61205
61188
61149
61119
61036
60994
60960
60946
60938
60903
60848
60844
60836
60825
60776
60770
60728
60646
60531
60528
60503
60428
60407
60359
60348
60336
60243
60240
60217
60161
60111
60103
60057
60038
60000
59905
59887
59860
59850
59818
59727
59706
59699
59686
59674
59612
59591
59576
59557
59538
59536
59518
59488
59458
59456
59439
59432
59430
59395
59363
59291
59247
59217
59211
59195
59194
59110
59079
59058
59045
59016
58994
58965
58963
58947
58889
58830
58789
58719
58707
58692
58648
58642
58551
58514
58493
58490
58448
58376
58315
58247
58210
58180
58132
58125
58091
58086
58071
58007
57984
57879
57852
57845
57804
57790
57774
57749
57748
57720
57702
57697
57608
57570
57567
57542
57515
57494
57489
57478
57440
57435
57419
57356
57331
57300
57285
57269
57263
57249
57187
57178
57098
57074
57015
56990
56969
56943
56925
56796
56792
56788
56785
56773
56675
56630
56596
56497
56404
56400
56373
56359
56347
56279
56242
56241
56189
56167
56087
56017
56005
55889
55873
55734
55717
55706
55674
55594
55587
55579
55558
55491
55460
55449
55414
55412
55411
55373
55367
55350
55298
55278
55204
55186
55157
55134
55082
55068
55014
54990
54971
54893
54877
54839
54816
54792
54761
54757
54744
54734
54704
54664
54649
54637
54619
54578
54556
54543
54510
54475
54474
54434
54360
54348
54308
54210
54209
54173
54171
54093
54041
54039
53993
53983
53965
53939
53923
53878
53870
53856
53840
53833
53806
53792
53781
53753
53692
53691
53604
53536
53519
53484
53461
53433
53427
53398
53346
53323
53312
53254
53209
53182
53135
53087
53019
53017
52992
52932
52864
52823
52821
52812
52790
52736
52729
52709
52701
52677
52667
52607
52581
52571
52569
52547
52542
52529
52505
52486
52456
52399
52391
52366
52356
52216
52174
52159
52009
51987
51979
51967
51948
51815
51808
51774
51734
51652
51647
51644
51536
51519
51511
51503
51427
51370
51340
51317
51305
51275
51245
51243
51129
51117
51110
51078
51006
50961
50956
50893
50879
50867
50831
50827
50772
50690
50610
50583
50574
50556
50554
50548
50534
50531
50529
50464
50416
50395
50388
50337
50265
50235
50179
50158
50068
50039
50034
50017
49994
49989
49938
49842
49837
49788
49778
49766
49752
49747
49739
49648
49643
49587
49545
49530
49426
49404
49325
49298
49288
49231
49229
49170
49072
49036
49001
48966
48926
48864
48766
48674
48673
48591
48569
48567
48502
48500
48493
48457
48450
48447
48377
48337
48315
48285
48214
48175
48146
48136
48019
48014
48013
48010
47973
47859
47829
47783
47773
47772
47770
47713
47693
47551
47450
47437
47424
47423
47169
47162
47156
47040
46994
46983
46982
46941
46908
46863
46858
46819
46817
46803
46783
46777
46756
46705
46632
46585
46553
46545
46512
46405
46398
46385
46371
46355
46290
46229
46221
46144
46137
46124
46031
45990
45956
45895
45889
45888
45868
45745
45722
45719
45715
45677
45568
45563
45488
45415
45399
45392
45390
45368
45340
45334
45320
45319
45304
45261
45259
45237
45233
45176
45147
45076
44818
44809
44789
44511
44486
44478
44441
44439
44405
44386
44318
44310
44309
44292
44280
44215
44212
44186
44152
44140
44090
44050
44005
43921
43868
43809
43775
43766
43757
43750
43707
43705
43702
43691
43690
43683
43626
43585
43533
43526
43498
43494
43447
43428
43382
43284
43261
43233
43128
43117
43113
43067
42985
42981
42980
42943
42897
42866
42786
42754
42695
42656
42542
42528
42511
42460
42443
42400
42332
42299
42237
42208
42204
42203
42178
42161
42053
42028
41990
41980
41936
41830
41752
41747
41716
41704
41698
41680
41663
41643
41603
41595
41582
41541
41522
41521
41504
41474
41418
41414
41399
41377
41376
41341
41301
41282
41279
41251
41194
41148
41099
41037
41017
41007
40968
40874
40864
40792
40755
40644
40638
40611
40583
40566
40565
40549
40530
40450
40394
40372
40360
40340
40318
40307
40272
40211
40193
40192
40155
40118
40096
40090
39963
39923
39901
39875
39835
39813
39761
39754
39720
39678
39620
39532
39401
39400
39341
39289
39249
39245
39227
39180
39171
39169
39141
39138
39099
38968
38902
38899
38773
38735
38632
38603
38579
38564
38558
38514
38458
38455
38410
38381
38339
38331
38323
38320
38223
38220
38213
38206
38147
38122
38119
38097
38049
38013
38009
37999
37924
37874
37870
37863
37852
37815
37809
37805
37803
37793
37789
37747
37709
37700
37672
37661
37652
37638
37607
37603
37597
37591
37581
37547
37521
37468
37419
37405
37402
37359
37278
37255
37215
37211
37194
37095
37087
36963
36960
36946
36937
36918
36877
36871
36708
36587
36573
36531
36473
36455
36409
36375
36334
36321
36312
36245
36236
36235
36228
36209
36167
36160
36139
36118
36082
36020
35989
35958
35931
35910
35827
35824
35763
35698
35690
35686
35648
35610
35554
35551
35550
35541
35523
35510
35476
35442
35388
35385
35347
35331
35299
35289
35276
35191
35136
35058
35054
35038
34994
34990
34953
34873
34751
34734
34699
34673
34531
34439
34429
34288
34238
34227
34221
34205
34087
34069
33962
33960
33825
33762
33746
33663
33645
33643
33598
33457
33447
33324
33317
33219
33214
33186
33183
33179
33144
33063
33043
33004
32918
32832
32811
32803
32794
32764
32755
32736
32684
32633
32618
32608
32580
32571
32560
32539
32525
32505
32481
32382
32333
32323
32314
32313
32249
32204
32181
32178
32078
32046
32007
31938
31806
31762
31758
31714
31699
31686
31684
31680
31650
31605
31505
31497
31430
31382
31359
31312
31223
31169
31160
31149
31131
31121
31081
31047
31035
31015
30987
30960
30901
30891
30824
30776
30765
30748
30746
30734
30683
30682
30609
30570
30545
30496
30490
30448
30440
30436
30397
30376
30375
30373
30368
30344
30335
30323
30293
30258
30220
30216
30188
30185
30145
30136
30116
30044
30032
30009
29974
29959
29950
29948
29937
29906
29883
29874
29825
29824
29769
29700
29652
29647
29621
29591
29584
29573
29496
29430
29422
29272
29249
29245
29235
29195
29124
29100
29077
29055
28985
28975
28946
28915
28912
28858
28791
28770
28766
28748
28644
28626
28615
28476
28432
28425
28404
28394
28389
28348
28263
28257
28247
28239
28201
28196
28088
28019
27977
27961
27877
27858
27832
27827
27812
27809
27807
27804
27796
27720
27689
27570
27552
27350
27347
27343
27339
27286
27245
27240
27222
27218
27199
27113
27090
27016
26928
26924
26912
26853
26832
26715
26705
26683
26674
26624
26616
26546
26495
26452
26410
26353
26345
26305
26288
26243
26238
26204
26174
26138
26123
26044
25987
25926
25879
25878
25860
25855
25848
25821
25778
25737
25732
25689
25681
25675
25641
25622
25579
25569
25544
25511
25506
25485
25484
25450
25403
25396
25378
25320
25309
25278
25246
25129
25095
25073
25069
25008
24992
24919
24915
24895
24862
24851
24803
24765
24744
24705
24683
24682
24681
24665
24640
24589
24563
24523
24503
24432
24399
24384
24359
24328
24282
24250
24241
24232
24214
24208
24168
24077
24049
24037
24001
23920
23850
23799
23795
23788
23777
23706
23699
23677
23648
23642
23520
23476
23446
23387
23316
23297
23291
23275
23189
23179
23081
23060
23038
23032
22984
22962
22935
22915
22889
22758
22750
22739
22731
22727
22704
22674
22664
22632
22617
22609
22588
22531
22523
22510
22406
22373
22371
22353
22348
22304
22280
22273
22265
22241
22174
22138
22080
22077
22043
22029
21954
21903
21882
21842
21836
21801
21781
21780
21772
21768
21753
21713
21673
21650
21640
21563
21559
21553
21535
21516
21508
21506
21431
21426
21412
21405
21372
21344
21286
21222
21202
21163
21090
21071
21069
21061
21037
21010
20906
20900
20885
20840
20751
20749
20657
20601
20559
20538
20537
20468
20455
20429
20406
20316
20291
20287
20234
20193
20119
20096
20080
20078
19962
19961
19939
19900
19888
19744
19680
19679
19656
19653
19627
19602
19564
19553
19545
19519
19506
19418
19393
19378
19375
19280
19267
19243
19212
19208
19177
19127
19089
18991
18975
18961
18929
18913
18871
18864
18739
18727
18694
18690
18672
18667
18662
18598
18594
18556
18535
18520
18516
18514
18468
18464
18375
18295
18256
18252
18188
18113
18086
18009
17961
17942
17937
17818
17801
17742
17732
17699
17587
17549
17534
17520
17476
17384
17366
17343
17330
17269
17224
17137
17091
17073
17035
17025
16888
16869
16850
16825
16806
16802
16759
16757
16718
16700
16658
16640
16577
16546
16540
16456
16437
16428
16425
16379
16335
16298
16254
16241
16233
16182
16161
16108
16055
16032
16026
16003
15991
15963
15939
15862
15774
15744
15686
15671
15669
15641
15633
15596
15585
15515
15507
15494
15487
15466
15452
15440
15437
15413
15374
15348
15328
15279
15237
15227
15151
15140
15090
15085
15082
15060
15052
15050
15046
15025
14997
14950
14843
14804
14785
14696
14672
14662
14605
14570
14545
14540
14474
14447
14412
14372
14367
14361
14360
14352
14347
14260
14242
14191
14190
14181
14177
14157
14136
14129
14103
14099
14068
14060
14036
14028
13981
13954
13933
13915
13880
13862
13856
13853
13833
13805
13754
13699
13693
13679
13640
13607
13580
13579
13545
13506
13473
13449
13441
13418
13413
13346
13332
13303
13195
13186
13171
13146
13117
13110
13108
13101
12989
12967
12905
12903
12857
12853
12772
12765
12732
12660
12640
12512
12499
12435
12334
12304
12300
12278
12266
12236
12214
12195
12151
12128
12077
12066
12046
12043
11989
11932
11910
11884
11795
11653
11599
11493
11400
11365
11333
11329
11267
11248
11244
11240
11234
11191
11174
11167
11135
11129
11128
11112
11080
10992
10953
10934
10930
10859
10838
10835
10811
10795
10768
10688
10676
10662
10658
10644
10632
10627
10614
10580
10556
10513
10512
10391
10387
10364
10303
10292
10280
10266
10265
10249
10231
10168
10167
10053
10024
9942
9939
9932
9892
9869
9864
9846
9843
9741
9732
9698
9664
9610
9580
9542
9538
9479
9366
9355
9269
9249
9175
9157
9155
9143
9097
9015
8999
8924
8906
8866
8852
8842
8838
8830
8816
8799
8665
8626
8622
8619
8611
8591
8587
8566
8542
8485
8467
8463
8364
8285
8253
8224
8131
8112
8111
7998
7985
7889
7856
7852
7828
7820
7789
7781
7773
7760
7748
7745
7676
7668
7662
7654
7634
7613
7606
7394
7341
7337
7306
7299
7278
7248
7138
7088
7074
7001
6968
6894
6875
6870
6792
6751
6748
6654
6613
6603
6602
6593
6480
6446
6438
6355
6344
6335
6322
6225
6129
6004
5997
5957
5918
5888
5836
5833
5832
5830
5818
5810
5799
5794
5751
5742
5676
5670
5656
5620
5619
5613
5553
5526
5522
5497
5487
5480
5441
5439
5328
5322
5297
5285
5282
5267
5238
5225
5155
5131
5113
5088
5061
5056
5051
5028
5022
5021
5019
5009
4995
4803
4786
4779
4768
4684
4592
4572
4551
4519
4330
4317
4276
4246
4206
4104
4070
4025
3999
3940
3873
3853
3839
3825
3798
3776
3716
3622
3601
3570
3569
3513
3462
3405
3402
3358
3300
3289
3226
3212
3203
3196
3184
3155
3024
2982
2962
2918
2901
2769
2751
2747
2723
2658
2650
2627
2622
2613
2592
2557
2547
2529
2526
2521
2455
2447
2381
2352
2347
2263
2258
2254
2199
2195
2180
2162
2152
2121
2083
2040
1993
1977
1973
1963
1951
1933
1911
1900
1884
1877
1876
1802
1758
1756
1728
1724
1708
1707
1691
1637
1566
1551
1542
1398
1362
1282
1274
1230
1225
1114
1030
958
908
824
756
734
720
711
708
680
646
636
632
630
602
578
564
537
532
528
394
370
355
325
316
305
258
246
182
166
102
86
69
42
33
