99957
99882
99864
99820
99682
99608
99553
99469
99411
99400
99276
99005
99003
98805
98628
98572
98532
98332
98278
98199
98050
97994
97953
97944
97834
97748
97730
97673
97596
97427
97186
97162
96952
96907
96902
96822
96572
96230
96132
95954
95887
95863
95803
95553
95391
95390
95327
95229
95219
95210
95158
95126
95070
94925
94891
94849
94713
94518
94498
94394
94349
94165
94104
93991
93875
93845
93339
93131
92833
92769
92661
92646
92560
92451
92400
92161
92048
91945
91930
91818
91796
91775
91675
91544
91462
91448
91444
91372
91357
91346
91299
91137
90721
90649
90648
90565
90261
90259
90208
90032
89919
89914
89876
89781
89536
89524
89505
89162
89046
88863
88858
88842
88560
88523
88330
88308
88262
88237
88043
87964
87956
87940
87863
87582
87545
87509
87351
87205
87141
86428
86286
86103
86089
86081
86031
85893
85680
85627
85428
85415
85374
85128
85057
84999
84989
84690
84683
84672
84574
84552
84283
84277
84247
84238
84084
83878
83794
83761
83691
83682
83673
83596
83587
83542
83495
83479
83465
83347
83242
83045
82915
82877
82751
82728
82678
82645
82622
82381
82349
82240
82143
82130
82116
82072
82039
81934
81694
81526
81350
81311
81227
81040
80847
80778
80721
80641
80630
80289
80000
79990
79928
79923
79797
79707
79658
79589
79521
79169
79159
79112
79018
78969
78943
78931
78879
78694
78665
78653
78640
78616
78555
78225
78070
77625
77517
77111
77093
77082
76953
76893
76890
76875
76828
76797
76627
76265
76186
76170
76088
75928
75831
75817
75724
75659
75580
75538
75517
75514
75373
75224
74898
74878
74829
74660
74364
74172
74167
74124
74082
74052
73981
73945
73912
73810
73492
73467
73222
73065
73052
72916
72678
72536
72442
71749
71681
71678
71655
71559
71528
71489
71459
71380
71322
71147
70482
70404
70391
70381
70267
69851
69779
69615
69493
69458
69428
69413
69403
69302
69211
69180
68997
68842
68817
68773
68713
68484
68284
68121
68058
67913
67557
67550
67480
67470
67458
67255
67237
67141
67134
67079
66686
66683
66534
66527
66458
66234
66090
66037
66002
65949
65766
65726
65682
65626
65618
65544
65329
65324
65316
65189
65103
64827
64721
64580
64569
64496
64434
64400
64388
64265
63986
63702
63535
63507
63459
63361
63283
62964
62875
62713
62543
62488
62483
62411
62371
62272
62261
62217
62158
62056
62050
61917
61832
61665
61663
61657
61624
61585
61578
61465
61436
61428
61229
61164
61035
61014
60957
60932
60698
60689
60549
60539
60462
60316
60254
60203
60176
60146
59974
59953
59912
59896
59745
59558
59515
59471
59368
59289
59065
59052
59049
58898
58844
58802
58685
58647
58517
58456
58425
58404
58289
58206
57747
57475
57347
57262
57234
57048
56839
56809
56631
56523
56470
56455
56432
56157
56131
56122
55970
55899
55884
55474
55467
55448
55407
55278
55188
55117
54920
54824
54688
54573
54504
54189
53979
53884
53750
53620
53493
53345
53320
53130
52987
52931
52531
52439
52220
52204
52168
52129
52063
51992
51937
51850
51771
51722
51693
51560
51362
51275
51195
51166
50881
50694
50590
50540
50534
50502
50493
50476
50473
50455
50381
50335
50300
50236
50220
50155
50022
50018
49895
49781
49767
49764
49689
49642
49477
49302
48621
48586
48571
48432
48298
47987
47831
47792
47650
47647
47644
47599
47573
47429
47316
47188
47019
46909
46832
46787
46703
46587
46516
46490
46209
46091
45968
45865
45837
45817
45770
45766
45675
45481
45466
45438
45296
45273
45156
45140
45134
45063
44946
44924
44832
44684
44403
44379
44358
44347
44329
44018
43938
43894
43760
43683
43369
43314
43236
43233
43203
43173
42744
42705
42630
42616
42592
42562
42540
42529
42381
42275
42170
42149
42001
41899
41660
41630
41541
41332
41244
41216
41083
41078
41053
40883
40857
40844
40838
40770
40766
40723
40457
40422
40375
40298
40180
40178
39888
39848
39826
39815
39732
39719
39374
39347
39332
39258
39039
39011
38873
38637
38632
38555
38516
38482
38472
38335
38290
38266
38190
38046
37832
37750
37007
36894
36739
36734
36683
36609
36468
36260
36229
36195
35966
35754
35681
35611
35551
35541
35490
35227
34905
34772
34735
34626
34487
34433
34356
34267
34205
34156
33984
33937
33904
33738
33610
33519
33502
33268
33229
33192
33155
32958
32840
32764
32742
32662
32655
32607
32516
32482
32438
32164
32087
31886
31848
31821
31766
31731
31547
31483
31441
31117
30920
30796
30623
30541
30409
30366
30225
30188
30179
30167
30105
30065
30061
29889
29879
29843
29836
29835
29488
29477
29417
29396
29360
29348
29241
29206
29201
29196
29113
29017
28913
28668
28663
28661
28561
28470
28453
28207
28134
27900
27851
27823
27622
27572
27425
27332
27177
27079
27018
26838
26716
26696
26692
26598
26408
26378
26126
25885
25879
25828
25469
25387
25292
25252
25135
25043
24970
24869
24651
24561
24480
24462
24426
24312
24221
23805
23724
23531
23271
23170
23091
23048
22765
22643
22567
22458
22332
22203
22175
22019
22008
21965
21938
21696
21678
21508
21480
21471
21397
21136
21118
21085
21044
21032
20884
20875
20638
20583
20316
20170
20033
19906
19889
19814
19813
19772
19740
19648
19572
19520
19519
19378
19257
19251
19013
18646
18493
18440
18223
18158
18117
17948
17786
17563
17553
17304
17099
17036
16980
16902
16885
16566
16518
16369
16284
16182
16105
16096
15819
15725
15723
15634
15528
15381
15237
14984
14907
14781
14720
14682
14661
14643
14582
14448
14373
14358
13847
13825
13768
13654
13607
13421
13366
13328
13300
13074
12980
12929
12886
12711
12578
12535
12508
12337
12319
12205
12078
11911
11665
11589
11500
11495
11439
11281
11234
11181
11159
11111
10914
10862
10659
10266
10155
10105
10088
10033
9944
9900
9879
9868
9850
9839
9709
9659
9571
9535
9324
9288
9170
9150
9110
9062
8868
8801
8721
8694
8494
8344
8272
8180
8135
7811
7732
7670
7566
7507
7498
7392
7305
7284
7155
7085
6956
6941
6732
6682
6651
6609
6539
6387
6304
6274
6237
6201
6187
6149
6130
5766
5619
5551
5518
5510
5464
4750
4741
4738
4468
4462
4436
4218
3917
3792
3772
3467
3436
3344
3257
3018
2628
2624
2620
2574
2558
2552
2385
2201
2074
2019
1822
1801
1776
1754
1616
1417
1349
1238
1134
1077
1013
1007
925
726
718
597
553
445
356
291
