99972
99932
99930
99926
99863
99834
99755
99737
99689
99647
99472
99451
99440
99236
99161
99150
99136
99081
99078
98936
98919
98891
98767
98668
98616
98607
98539
98495
98437
98423
98338
98302
98244
98242
98190
98157
98073
98015
98007
97989
97986
97948
97828
97776
97763
97734
97700
97545
97511
97490
97482
97436
97427
97426
97256
97169
97123
97085
97062
97048
97029
97017
96965
96945
96835
96806
96743
96719
96646
96491
96403
96361
96350
96241
96143
96131
96122
96119
96110
96082
96027
96012
96002
95992
95964
95931
95890
95838
95795
95764
95721
95720
95712
95696
95647
95583
95477
95402
95400
95388
95372
95268
95077
95070
95021
94948
94824
94808
94805
94611
94608
94592
94589
94561
94506
94479
94389
94380
94375
94336
94263
94173
94117
94056
94014
93974
93907
93883
93816
93773
93697
93600
93592
93563
93462
93307
93298
93173
92895
92867
92855
92832
92804
92719
92697
92631
92587
92579
92523
92352
92334
92285
92204
92190
92061
92051
92004
91981
91948
91931
91795
91781
91756
91709
91706
91676
91658
91655
91521
91444
91396
91392
91318
91253
91211
91178
91114
91112
91075
91062
91058
91016
91009
90998
90976
90975
90889
90864
90837
90787
90762
90617
90569
90448
90447
90433
90328
90310
90174
90056
90053
90014
90004
89989
89944
89738
89726
89450
89423
89358
89357
89113
89068
89019
88980
88926
88915
88817
88811
88740
88717
88716
88679
88650
88624
88538
88516
88457
88406
88389
88363
88301
88294
88276
88264
88207
88206
88165
88137
88047
87938
87770
87758
87718
87622
87512
87488
87439
87377
87376
87359
87291
87234
87226
87199
87190
87140
87109
87104
87073
87043
87005
86973
86947
86874
86787
86690
86672
86447
86413
86316
86302
86279
86214
86169
86098
86002
85995
85993
85895
85867
85777
85726
85707
85683
85619
85599
85596
85575
85562
85495
85477
85473
85434
85339
85288
85280
85275
85227
85208
85146
85143
85138
85102
85081
85054
85052
84986
84962
84955
84953
84945
84934
84850
84845
84818
84799
84776
84767
84713
84705
84685
84603
84590
84521
84506
84450
84445
84436
84349
84345
84321
84286
84252
84150
84092
84029
84017
83955
83878
83869
83824
83804
83661
83615
83594
83572
83502
83415
83385
83356
83319
83164
83117
82986
82929
82928
82922
82918
82916
82907
82900
82875
82870
82665
82635
82525
82516
82478
82308
82299
82116
81987
81921
81872
81866
81811
81752
81679
81667
81607
81578
81483
81426
81358
81350
81262
81256
81113
81020
80968
80651
80636
80531
80454
80434
80419
80397
80366
80291
80265
80226
80189
80159
80139
80125
80043
80024
79968
79821
79791
79758
79646
79597
79568
79562
79484
79435
79422
79411
79387
79354
79331
79237
79201
79152
79142
78922
78914
78859
78842
78728
78585
78575
78513
78461
78386
78338
78266
78188
78187
78118
78109
78047
77971
77743
77697
77680
77672
77660
77618
77603
77560
77539
77486
77468
77453
77439
77330
77297
77203
77127
77046
76989
76986
76896
76870
76845
76753
76709
76625
76542
76518
76471
76375
76323
76314
76301
76247
76107
76048
76040
76023
76015
75959
75947
75859
75856
75839
75725
75696
75508
75465
75445
75433
75138
75131
75058
75012
75007
74985
74945
74772
74756
74624
74546
74481
74391
74376
74323
74309
74196
74153
74144
74038
73938
73921
73817
73811
73696
73616
73589
73580
73564
73520
73503
73496
73490
73470
73468
73460
73450
73399
73319
73295
73241
73183
73173
73087
73045
73020
72988
72829
72812
72731
72682
72674
72530
72504
72459
72399
72321
72312
72308
72282
72256
72220
72186
72165
72161
71920
71894
71861
71841
71787
71738
71677
71653
71622
71558
71532
71443
71419
71417
71305
71250
71033
70872
70774
70634
70597
70540
70509
70492
70449
70446
70417
70377
70371
70365
70276
70258
70227
70201
69995
69946
69923
69849
69832
69810
69788
69775
69755
69738
69624
69579
69572
69551
69426
69418
69374
69260
69254
69163
69095
69069
69067
69042
69033
68990
68910
68907
68900
68839
68751
68739
68716
68704
68564
68560
68529
68446
68294
68280
68152
68116
68106
67989
67933
67888
67824
67783
67687
67592
67569
67516
67460
67427
67410
67339
67311
67249
67231
67226
67211
67142
66847
66788
66777
66722
66668
66634
66618
66606
66581
66497
66473
66450
66442
66372
66370
66349
66321
66275
66017
65881
65833
65749
65739
65720
65675
65674
65632
65630
65592
65533
65524
65523
65448
65397
65363
65316
65305
65287
65261
65217
65110
65082
65076
65040
65031
64982
64976
64918
64892
64828
64785
64751
64748
64732
64718
64717
64635
64618
64612
64456
64437
64424
64399
64376
64373
64353
64327
64306
64224
64215
64184
64164
64049
64023
63977
63970
63946
63899
63844
63692
63597
63568
63534
63468
63352
63326
63236
63224
63127
63088
63061
63056
63043
62991
62985
62901
62889
62832
62806
62784
62705
62687
62613
62596
62549
62533
62495
62494
62330
62315
62275
62267
62243
62144
62138
62123
62107
62097
61984
61895
61851
61808
61796
61734
61721
61622
61580
61578
61402
61359
61300
61259
61202
61096
61018
61017
61009
60987
60809
60717
60694
60612
60611
60610
60604
60533
60485
60393
60382
60310
60268
60149
60090
59929
59875
59870
59850
59672
59604
59561
59549
59464
59451
59392
59295
59286
59223
59100
59059
58957
58896
58851
58844
58839
58737
58730
58712
58704
58697
58656
58644
58634
58595
58554
58512
58475
58333
58302
58288
58266
58234
58186
58165
58082
58022
58004
57946
57923
57873
57871
57506
57487
57486
57399
57390
57328
57286
57249
57151
57108
57096
57035
57028
56869
56763
56754
56635
56594
56576
56565
56370
56344
56323
56227
56224
56211
56048
56013
55883
55835
55727
55693
55658
55522
55362
55350
55307
55292
55278
55266
55258
55190
55152
54955
54942
54905
54816
54801
54778
54711
54672
54598
54582
54565
54532
54526
54513
54508
54346
54290
54250
54207
54145
54099
54090
54034
54027
54020
53972
53970
53881
53854
53849
53793
53664
53609
53579
53539
53494
53290
53288
53218
53145
53118
53112
53076
53033
52972
52969
52961
52960
52772
52751
52703
52682
52654
52633
52618
52567
52557
52166
52153
52110
52037
52026
51975
51852
51763
51737
51705
51682
51637
51587
51560
51519
51499
51449
51334
51218
51205
51142
51057
51039
51021
51006
50964
50924
50903
50895
50843
50838
50761
50680
50626
50483
50420
50359
50349
50341
50222
50104
50091
50079
50022
49899
49873
49858
49810
49740
49735
49698
49671
49660
49649
49634
49633
49607
49525
49475
49427
49413
49357
49349
49322
49299
49266
49235
49223
49135
49126
49069
49009
48973
48855
48840
48826
48810
48802
48758
48732
48731
48611
48597
48590
48586
48557
48536
48524
48379
48346
48338
48316
48216
48189
48137
48045
48014
47994
47979
47836
47750
47722
47706
47704
47672
47612
47534
47478
47473
47323
47263
47155
47070
46980
46925
46901
46882
46813
46658
46640
46577
46510
46452
46384
46317
46259
46086
46056
46029
45997
45989
45893
45886
45779
45731
45719
45715
45704
45624
45610
45487
45410
45397
45354
45303
45302
45242
45212
45174
45130
45052
44999
44917
44903
44873
44860
44778
44774
44740
44674
44621
44445
44254
44239
44225
44214
44147
44130
44111
43998
43863
43855
43825
43656
43645
43639
43621
43617
43551
43541
43537
43513
43492
43325
43302
43239
43227
43194
43144
43125
43069
43041
43013
43010
43006
42974
42966
42901
42892
42869
42866
42791
42760
42626
42571
42525
42518
42337
42325
42323
42168
42146
42087
42034
41988
41922
41835
41764
41707
41682
41539
41524
41446
41374
41269
41252
41215
41117
41104
41074
40959
40938
40808
40756
40673
40609
40566
40543
40506
40394
40100
40089
39996
39954
39947
39938
39931
39684
39611
39540
39484
39416
39296
39280
39267
39052
38970
38912
38891
38748
38747
38739
38698
38666
38620
38593
38491
38462
38326
38315
38293
38259
38140
38094
38041
37927
37903
37865
37858
37827
37804
37790
37753
37637
37624
37608
37541
37522
37497
37483
37482
37364
37277
37197
37184
37180
37136
37088
37059
36952
36924
36914
36906
36822
36779
36756
36746
36671
36651
36589
36583
36567
36541
36498
36450
36314
36226
36212
36167
36151
36112
36103
36088
36049
35919
35900
35841
35837
35771
35661
35652
35627
35618
35580
35556
35438
35296
35293
35260
35247
35202
35201
35184
35136
35101
35012
34979
34961
34916
34834
34810
34802
34766
34619
34548
34474
34454
34447
34437
34393
34326
34233
34187
34186
34050
33951
33931
33797
33796
33784
33742
33724
33670
33657
33557
33506
33471
33384
33368
33336
33324
33313
33180
33116
33099
33085
33055
33048
33030
32846
32839
32697
32656
32652
32618
32600
32379
32297
32184
32154
32148
32135
31987
31974
31891
31856
31840
31794
31756
31658
31594
31586
31483
31478
31368
31279
31217
31199
31123
31099
31039
31001
30961
30942
30891
30849
30832
30826
30747
30715
30627
30590
30547
30495
30482
30466
30376
30370
30361
30343
30131
30023
30014
29999
29946
29768
29728
29564
29516
29514
29359
29303
29290
29279
29094
29049
29043
29042
28975
28873
28718
28682
28645
28451
28425
28413
28354
28329
28317
28236
28202
28160
28093
28090
27968
27855
27769
27757
27750
27748
27652
27604
27434
27354
27255
27244
27239
27228
27226
27184
27124
26994
26992
26984
26910
26895
26837
26833
26797
26772
26710
26549
26511
26507
26476
26414
26377
26366
26205
26203
26198
26183
26148
26068
26043
26022
25997
25929
25916
25860
25819
25652
25498
25473
25425
25419
25407
25352
25331
25330
25265
25220
25176
25110
25061
25031
24949
24862
24701
24663
24626
24621
24585
24579
24480
24450
24398
24362
24332
24299
24284
24088
23943
23928
23912
23828
23550
23484
23450
23398
23373
23291
23241
23211
23210
23200
23191
23134
23123
23010
22999
22888
22833
22754
22590
22543
22538
22472
22388
22351
22330
22268
22243
22153
22133
22100
22059
21985
21945
21784
21757
21691
21644
21591
21580
21442
21423
21408
21346
21311
21191
21186
21082
21041
20903
20882
20871
20852
20815
20814
20767
20714
20709
20686
20648
20647
20623
20493
20353
20258
20196
20154
20149
20082
20071
19954
19887
19876
19862
19850
19819
19818
19805
19766
19743
19716
19597
19551
19536
19535
19494
19393
19371
19235
19115
19087
19086
18999
18995
18955
18918
18907
18719
18717
18655
18638
18515
18508
18490
18426
18404
18379
18332
18314
18157
18120
18064
18045
17951
17948
17895
17873
17846
17797
17725
17688
17684
17668
17601
17532
17497
17494
17492
17454
17449
17394
17337
17269
17266
17229
17209
17182
17104
17048
16979
16906
16905
16903
16871
16850
16753
16709
16675
16634
16632
16608
16602
16497
16351
16262
16246
16181
16100
16093
16068
15973
15888
15869
15822
15816
15787
15571
15544
15487
15436
15409
15325
15287
15269
15161
15010
14972
14905
14841
14818
14768
14764
14574
14542
14497
14471
14461
14419
14411
14381
14356
14348
14336
14330
14313
14304
14302
14236
14181
14111
14088
14062
14039
13914
13781
13721
13654
13613
13602
13575
13572
13560
13518
13317
13193
13183
13163
13039
13003
12962
12946
12909
12908
12875
12822
12793
12748
12700
12599
12495
12492
12475
12464
12450
12440
12435
12296
12247
12184
12161
11996
11979
11929
11915
11885
11860
11799
11768
11689
11678
11630
11597
11593
11545
11500
11466
11418
11389
11347
11268
11264
11180
11124
11045
10977
10975
10933
10792
10695
10632
10626
10618
10569
10504
10479
10462
10460
10395
10380
10364
10333
10196
10171
10124
10120
10106
10102
10087
10008
10001
9974
9867
9846
9830
9711
9654
9608
9600
9505
9457
9444
9410
9389
9341
9313
9281
9273
9239
9100
9053
8927
8903
8791
8764
8650
8584
8526
8497
8418
8358
8350
8348
8347
8325
8317
8259
8242
8220
8183
8069
7986
7951
7915
7712
7515
7501
7484
7479
7419
7390
7379
7357
7356
7330
7319
7175
7142
7085
7070
7063
7058
7025
6998
6909
6907
6864
6861
6734
6582
6519
6517
6303
6043
5992
5864
5830
5772
5747
5641
5610
5607
5586
5583
5557
5546
5537
5501
5461
5371
5230
5228
5200
5165
5156
5111
5094
4959
4948
4895
4891
4859
4844
4742
4720
4714
4601
4594
4526
4452
4445
4434
4418
4320
4319
4297
4203
4194
4187
4108
4100
4047
4042
4039
4034
4000
3958
3839
3785
3742
3679
3657
3622
3604
3580
3579
3574
3561
3499
3457
3421
3371
3341
3252
3088
3072
3067
3039
2950
2902
2882
2877
2853
2829
2828
2810
2800
2783
2656
2475
2346
2315
2279
2140
2045
2012
1982
1974
1906
1780
1763
1719
1664
1652
1583
1572
1488
1446
1396
1391
1359
1244
1241
1102
1083
1041
986
887
857
852
742
711
488
470
342
331
295
260
166
122
