99979
99938
99927
99897
99882
99861
99810
99795
99787
99782
99721
99711
99709
99707
99700
99688
99684
99640
99628
99604
99602
99599
99597
99550
99534
99531
99486
99436
99421
99420
99401
99387
99361
99333
99317
99298
99286
99282
99274
99239
99237
99221
99131
99129
99126
99082
99077
99073
99071
99041
99035
98996
98926
98892
98888
98816
98758
98693
98581
98575
98559
98556
98533
98532
98526
98517
98500
98485
98483
98474
98471
98467
98459
98446
98434
98368
98345
98341
98326
98297
98202
98192
98172
98124
98106
98077
98051
98022
97929
97920
97912
97902
97884
97874
97861
97843
97837
97795
97789
97771
97762
97752
97751
97742
97713
97678
97665
97647
97609
97598
97594
97585
97581
97570
97555
97554
97531
97508
97505
97487
97482
97478
97404
97403
97362
97356
97338
97333
97326
97314
97298
97253
97231
97223
97216
97214
97199
97193
97170
97153
97134
97113
97091
97052
97048
97007
96998
96978
96973
96971
96955
96943
96843
96825
96801
96792
96785
96767
96730
96717
96695
96686
96669
96651
96643
96633
96630
96619
96569
96568
96540
96534
96522
96496
96492
96491
96473
96465
96462
96457
96451
96432
96398
96377
96375
96368
96328
96292
96256
96231
96212
96198
96147
96062
96058
96022
96018
96010
95999
95995
95986
95981
95967
95947
95946
95847
95827
95818
95813
95803
95785
95715
95710
95694
95688
95654
95606
95567
95551
95545
95542
95537
95533
95516
95505
95482
95469
95449
95448
95395
95391
95382
95381
95376
95319
95316
95307
95300
95288
95266
95240
95154
95153
95128
95095
95055
95015
94970
94958
94938
94934
94924
94912
94908
94887
94885
94865
94855
94783
94762
94744
94743
94692
94682
94681
94673
94608
94605
94549
94535
94534
94532
94510
94503
94486
94474
94472
94460
94445
94433
94429
94426
94407
94400
94384
94382
94381
94374
94362
94343
94338
94271
94268
94248
94195
94169
94153
94125
94109
94107
94049
94038
94033
94022
93981
93978
93950
93933
93919
93916
93884
93856
93847
93823
93798
93776
93772
93755
93725
93710
93685
93638
93582
93541
93540
93489
93444
93424
93388
93319
93291
93264
93252
93247
93212
93193
93191
93179
93175
93160
93142
93138
93112
93096
93071
93027
92969
92956
92949
92913
92912
92898
92888
92880
92777
92752
92715
92677
92674
92641
92613
92580
92548
92520
92494
92478
92461
92435
92432
92402
92395
92389
92337
92320
92314
92311
92308
92300
92297
92256
92241
92228
92218
92185
92143
92127
92110
92086
92063
92055
92052
92038
92032
92012
91940
91873
91859
91846
91840
91771
91763
91717
91713
91686
91674
91640
91619
91615
91607
91574
91511
91481
91461
91459
91442
91427
91402
91401
91399
91351
91343
91324
91305
91286
91247
91244
91198
91185
91170
91147
91145
91137
91105
91061
91057
91052
91032
91005
90941
90922
90876
90869
90863
90859
90804
90785
90777
90682
90660
90637
90556
90553
90552
90524
90513
90470
90421
90411
90390
90361
90356
90353
90326
90319
90301
90283
90170
90147
90051
90047
90033
90031
90002
89912
89910
89899
89881
89845
89843
89835
89810
89760
89748
89729
89728
89667
89630
89624
89591
89588
89577
89574
89555
89538
89533
89514
89503
89502
89481
89471
89435
89403
89377
89359
89346
89343
89329
89326
89304
89245
89241
89207
89183
89160
89155
89140
89139
89132
89091
89086
89074
89066
89052
89036
89023
88986
88948
88925
88912
88902
88856
88854
88848
88845
88843
88831
88823
88820
88750
88717
88703
88679
88627
88604
88527
88512
88499
88463
88447
88439
88411
88393
88357
88351
88338
88331
88321
88287
88271
88211
88177
88136
88083
88068
88058
88047
88037
87996
87995
87992
87985
87983
87965
87937
87903
87897
87893
87869
87863
87827
87767
87762
87738
87723
87645
87584
87552
87540
87439
87438
87362
87359
87340
87290
87286
87234
87224
87219
87214
87200
87169
87145
87121
87095
87049
87012
86955
86921
86917
86912
86908
86825
86806
86797
86788
86771
86758
86750
86745
86732
86724
86660
86656
86543
86504
86462
86443
86435
86428
86383
86349
86330
86306
86289
86288
86282
86275
86256
86246
86242
86207
86161
86155
86152
86146
86130
86115
86111
86110
86100
86047
86033
86028
86014
86007
85991
85982
85967
85950
85935
85932
85904
85896
85880
85877
85812
85809
85787
85772
85762
85741
85730
85716
85714
85706
85700
85653
85639
85623
85602
85589
85573
85561
85545
85528
85515
85513
85477
85446
85439
85397
85395
85382
85368
85349
85329
85316
85315
85308
85289
85249
85232
85206
85200
85198
85188
85166
85134
85092
85091
85084
85070
85052
85030
85018
85010
84985
84944
84911
84878
84877
84865
84858
84843
84833
84813
84803
84801
84739
84720
84715
84707
84705
84691
84684
84664
84650
84589
84574
84566
84561
84525
84504
84494
84477
84473
84460
84425
84400
84384
84378
84375
84369
84360
84357
84341
84330
84324
84319
84318
84307
84262
84252
84241
84222
84212
84209
84199
84156
84103
84094
84070
84063
84051
84050
84031
83997
83989
83967
83961
83943
83927
83920
83894
83891
83889
83885
83884
83860
83840
83817
83812
83799
83798
83787
83772
83769
83685
83676
83609
83584
83576
83562
83557
83520
83506
83500
83496
83466
83413
83406
83382
83358
83254
83236
83230
83222
83219
83202
83182
83175
83151
83145
83134
83096
83090
83059
83057
83024
82998
82990
82981
82975
82966
82938
82936
82934
82918
82904
82874
82851
82850
82847
82844
82839
82830
82819
82802
82793
82756
82751
82734
82709
82704
82693
82658
82630
82629
82627
82603
82576
82573
82535
82507
82492
82475
82473
82472
82407
82403
82402
82399
82390
82380
82352
82346
82343
82338
82316
82312
82297
82270
82237
82236
82218
82200
82197
82161
82146
82127
82112
82111
82102
82094
82005
81964
81948
81944
81937
81929
81895
81890
81872
81857
81844
81805
81793
81777
81761
81755
81739
81738
81728
81700
81693
81686
81652
81635
81630
81612
81562
81514
81476
81455
81444
81440
81430
81425
81424
81410
81401
81359
81337
81322
81301
81291
81282
81274
81263
81257
81235
81187
81183
81164
81140
81136
81131
81129
81118
81099
81098
81091
81085
81073
81002
80958
80952
80898
80891
80889
80886
80871
80863
80861
80855
80841
80825
80822
80798
80788
80786
80764
80759
80746
80692
80691
80681
80645
80591
80581
80580
80567
80558
80509
80479
80441
80426
80406
80397
80374
80369
80364
80316
80315
80304
80295
80287
80286
80265
80257
80232
80226
80224
80214
80207
80196
80172
80156
80091
80055
80052
80038
80036
80027
80017
80010
80004
79965
79945
79941
79938
79927
79911
79906
79893
79869
79849
79838
79814
79803
79754
79747
79714
79709
79656
79632
79615
79609
79588
79586
79578
79540
79535
79529
79523
79514
79506
79466
79448
79426
79425
79421
79412
79397
79389
79360
79356
79335
79329
79326
79306
79303
79297
79271
79238
79237
79236
79232
79223
79213
79173
79163
79028
79027
79004
78988
78977
78952
78926
78918
78915
78913
78903
78891
78880
78878
78863
78843
78824
78820
78815
78791
78710
78682
78631
78580
78516
78512
78477
78467
78408
78406
78394
78391
78384
78378
78371
78365
78327
78324
78323
78320
78251
78235
78222
78221
78188
78182
78130
78126
78100
78094
78084
78081
78076
78064
78027
77931
77921
77909
77905
77903
77893
77880
77866
77863
77858
77853
77849
77838
77837
77821
77807
77784
77763
77761
77753
77739
77704
77678
77650
77644
77629
77574
77549
77493
77487
77466
77419
77410
77347
77343
77305
77303
77268
77206
77190
77145
77144
77105
77092
77073
77071
77065
77042
77021
77003
76998
76992
76987
76986
76974
76968
76965
76927
76925
76893
76863
76862
76844
76835
76833
76832
76824
76817
76807
76776
76768
76758
76732
76728
76715
76707
76647
76558
76546
76541
76527
76525
76502
76497
76466
76465
76419
76415
76379
76376
76364
76363
76362
76361
76354
76322
76319
76314
76300
76295
76267
76239
76164
76057
76056
76052
76051
76049
75945
75937
75889
75884
75872
75863
75830
75794
75779
75754
75729
75696
75691
75677
75643
75640
75631
75629
75597
75590
75570
75568
75562
75534
75531
75528
75508
75493
75485
75426
75420
75390
75374
75366
75361
75330
75328
75290
75269
75256
75254
75231
75227
75209
75205
75191
75154
75138
75130
75109
75104
75074
75041
75036
74986
74976
74951
74906
74875
74865
74855
74854
74822
74771
74770
74751
74720
74682
74680
74657
74636
74630
74617
74603
74595
74593
74581
74549
74540
74516
74514
74492
74471
74397
74328
74313
74310
74244
74229
74199
74189
74164
74161
74160
74153
74128
74118
74097
74015
73983
73943
73914
73888
73875
73840
73839
73813
73803
73730
73714
73643
73616
73613
73607
73584
73556
73539
73521
73508
73504
73447
73412
73400
73319
73270
73240
73229
73207
73121
73095
73074
73056
73023
72970
72942
72897
72883
72880
72830
72796
72793
72791
72773
72730
72718
72681
72680
72640
72632
72622
72621
72608
72536
72534
72530
72522
72512
72456
72440
72420
72401
72378
72369
72361
72353
72346
72340
72298
72278
72261
72212
72195
72194
72164
72126
72109
72099
72092
72087
72075
72069
72068
72055
72031
72023
71983
71955
71952
71945
71942
71911
71867
71855
71826
71821
71804
71786
71781
71774
71771
71656
71648
71622
71614
71585
71568
71559
71558
71527
71504
71496
71481
71467
71450
71449
71417
71413
71384
71381
71349
71296
71285
71283
71253
71235
71202
71201
71200
71191
71190
71187
71182
71169
71147
71146
71145
71141
71123
71115
71085
71078
71058
71039
71016
71011
71003
70994
70962
70961
70960
70957
70954
70929
70894
70885
70860
70799
70783
70750
70743
70738
70700
70671
70654
70649
70635
70634
70615
70613
70543
70533
70522
70483
70470
70453
70419
70391
70390
70389
70385
70371
70349
70346
70320
70302
70297
70272
70270
70269
70238
70229
70192
70191
70174
70153
70115
70113
70097
70090
70074
70071
70068
70065
70053
70036
70030
69991
69988
69983
69933
69925
69907
69812
69796
69787
69784
69777
69766
69744
69728
69713
69653
69651
69645
69633
69621
69585
69542
69535
69509
69497
69494
69490
69470
69367
69324
69310
69304
69285
69268
69242
69224
69204
69179
69170
69166
69164
69135
69129
69122
69081
69075
69060
69037
69001
68962
68961
68949
68923
68917
68914
68877
68870
68840
68835
68815
68812
68726
68675
68650
68642
68636
68618
68608
68607
68598
68578
68545
68521
68500
68491
68483
68459
68436
68425
68422
68420
68342
68315
68280
68275
68260
68226
68213
68208
68189
68171
68142
68131
68130
68129
68121
68119
68116
68114
68106
68097
68094
68091
68088
68086
68060
68013
67983
67972
67843
67837
67814
67793
67781
67754
67748
67736
67726
67721
67706
67652
67649
67638
67635
67597
67544
67512
67465
67455
67390
67370
67300
67294
67279
67262
67260
67247
67233
67203
67187
67166
67139
67135
67130
67123
67121
67054
67053
67052
67050
67035
67030
67014
67011
67007
67004
66996
66979
66973
66873
66871
66868
66864
66843
66838
66837
66821
66809
66734
66732
66707
66695
66685
66669
66622
66568
66566
66562
66557
66540
66524
66494
66485
66464
66454
66438
66412
66342
66289
66284
66250
66126
66118
66093
66076
66058
66054
66046
66038
66024
65970
65953
65941
65940
65928
65897
65887
65877
65857
65830
65814
65801
65758
65749
65725
65712
65706
65645
65642
65622
65591
65581
65568
65550
65541
65517
65506
65497
65438
65426
65405
65400
65384
65374
65370
65359
65339
65334
65333
65300
65202
65184
65168
65158
65138
65113
65101
65094
65083
65063
65014
65011
65005
64978
64928
64898
64885
64862
64861
64829
64802
64789
64788
64738
64720
64681
64644
64640
64633
64619
64600
64540
64534
64522
64517
64501
64490
64485
64459
64401
64400
64357
64350
64337
64334
64313
64255
64251
64198
64191
64183
64155
64093
64069
64027
64013
63955
63947
63916
63894
63877
63876
63873
63867
63866
63823
63781
63759
63697
63673
63618
63610
63599
63580
63546
63508
63490
63489
63480
63453
63340
63303
63277
63254
63253
63238
63225
63220
63217
63214
63198
63179
63163
63162
63158
63156
63149
63100
63099
63091
63078
63049
63021
62970
62964
62946
62921
62895
62893
62883
62856
62850
62847
62832
62813
62787
62776
62767
62763
62761
62729
62722
62672
62650
62598
62549
62542
62521
62456
62447
62431
62398
62394
62363
62357
62324
62309
62305
62304
62204
62201
62138
62137
62135
62121
62077
62044
62003
61973
61942
61931
61923
61892
61882
61872
61865
61792
61779
61767
61699
61668
61639
61626
61586
61585
61543
61530
61486
61463
61459
61440
61437
61425
61407
61390
61372
61369
61365
61344
61332
61328
61258
61237
61235
61224
61191
61182
61156
61115
61095
61091
61051
61044
60987
60969
60968
60940
60889
60872
60816
60793
60792
60775
60768
60733
60719
60693
60689
60677
60646
60644
60622
60618
60568
60448
60433
60427
60418
60378
60355
60309
60306
60292
60236
60228
60160
60150
60147
60088
60081
60062
60060
60053
60030
60025
60010
60007
59934
59919
59910
59902
59889
59888
59864
59854
59830
59799
59781
59768
59765
59713
59662
59634
59628
59627
59622
59589
59586
59574
59538
59536
59532
59520
59498
59497
59474
59468
59467
59443
59430
59386
59371
59366
59329
59317
59311
59302
59288
59286
59244
59225
59174
59165
59090
59016
59007
58986
58964
58940
58931
58916
58883
58882
58858
58842
58797
58772
58735
58727
58726
58696
58694
58678
58673
58642
58631
58629
58625
58571
58563
58528
58523
58503
58480
58471
58462
58450
58424
58414
58390
58371
58364
58353
58343
58322
58298
58253
58252
58204
58203
58192
58131
58128
58113
58107
58060
58053
58027
57942
57934
57895
57879
57866
57851
57806
57781
57750
57740
57698
57691
57690
57688
57669
57598
57590
57588
57521
57496
57443
57430
57423
57422
57414
57388
57376
57373
57357
57338
57328
57325
57303
57280
57273
57256
57253
57228
57212
57177
57173
57169
57158
57155
57126
57065
57019
56993
56969
56950
56943
56938
56929
56915
56898
56873
56745
56735
56731
56727
56722
56689
56683
56675
56658
56648
56647
56627
56613
56578
56575
56538
56532
56493
56480
56386
56296
56260
56232
56220
56214
56199
56185
56184
56158
56147
56144
56136
56117
56084
56059
55986
55959
55957
55950
55949
55937
55931
55911
55890
55835
55796
55786
55784
55759
55748
55729
55709
55693
55688
55674
55657
55626
55595
55553
55531
55520
55487
55464
55433
55418
55414
55374
55352
55315
55297
55285
55279
55181
55173
55168
55152
55079
55071
55064
55055
55040
55033
55006
54994
54983
54973
54956
54948
54926
54913
54890
54857
54851
54814
54798
54795
54757
54718
54700
54682
54672
54668
54653
54620
54597
54573
54567
54542
54526
54522
54514
54468
54467
54459
54426
54414
54410
54398
54372
54344
54337
54316
54305
54299
54295
54290
54273
54270
54261
54240
54233
54188
54153
54132
54112
54058
54007
53993
53957
53942
53939
53857
53853
53837
53814
53810
53776
53775
53773
53745
53720
53707
53695
53669
53644
53618
53597
53594
53573
53571
53561
53556
53516
53506
53497
53479
53441
53429
53427
53314
53307
53305
53282
53276
53275
53265
53233
53225
53223
53206
53176
53147
53137
53127
53110
53108
53104
53095
53089
53073
53070
53061
53025
52992
52983
52973
52968
52961
52959
52927
52907
52902
52880
52876
52806
52801
52789
52781
52753
52740
52732
52727
52726
52718
52656
52628
52603
52602
52601
52577
52564
52551
52447
52435
52432
52397
52393
52310
52282
52281
52272
52269
52268
52263
52235
52194
52172
52165
52164
52157
52129
52092
52083
52065
52058
52053
52041
52026
52020
51994
51981
51977
51964
51960
51943
51930
51905
51892
51888
51874
51862
51858
51841
51824
51818
51806
51777
51775
51745
51741
51734
51709
51698
51683
51642
51640
51602
51599
51557
51539
51537
51523
51496
51397
51367
51363
51341
51320
51288
51280
51254
51242
51214
51213
51188
51171
51168
51159
51141
51137
51136
51132
51129
51122
51110
51100
51080
51075
51073
51070
51058
51048
51041
51027
50991
50984
50957
50927
50911
50883
50880
50878
50870
50849
50819
50791
50769
50748
50718
50679
50667
50642
50583
50562
50515
50512
50500
50481
50477
50458
50456
50454
50453
50437
50424
50407
50400
50387
50382
50373
50349
50303
50301
50288
50261
50228
50164
50136
50124
50113
50110
50056
49958
49940
49930
49915
49893
49860
49857
49848
49836
49808
49798
49699
49681
49658
49622
49610
49603
49590
49581
49563
49545
49537
49507
49503
49490
49462
49451
49397
49377
49371
49363
49361
49355
49330
49321
49283
49274
49264
49261
49259
49253
49231
49224
49214
49199
49178
49167
49162
49152
49142
49133
49121
49106
49085
49052
49041
49027
49012
49002
49000
48997
48934
48868
48813
48811
48781
48771
48750
48740
48733
48720
48719
48670
48603
48600
48554
48545
48544
48537
48520
48511
48508
48504
48481
48442
48359
48318
48317
48312
48292
48249
48244
48236
48170
48156
48153
48135
48127
48055
47994
47983
47922
47918
47908
47907
47879
47874
47865
47863
47847
47794
47769
47752
47687
47659
47645
47639
47620
47611
47605
47603
47597
47584
47576
47537
47504
47487
47475
47455
47416
47405
47394
47373
47367
47336
47322
47307
47282
47266
47263
47260
47258
47242
47234
47221
47152
47150
47147
47118
47054
47013
46998
46987
46981
46978
46945
46937
46876
46874
46869
46845
46842
46786
46783
46778
46775
46756
46697
46636
46625
46586
46555
46545
46521
46493
46489
46447
46426
46416
46404
46401
46375
46371
46341
46335
46315
46263
46194
46193
46188
46174
46160
46135
46110
46085
46071
46063
46061
46013
46008
46003
46002
45984
45962
45905
45888
45887
45844
45821
45799
45795
45781
45770
45730
45729
45671
45670
45669
45611
45572
45551
45496
45488
45485
45478
45449
45425
45416
45402
45390
45388
45363
45345
45337
45332
45317
45304
45280
45271
45258
45197
45174
45157
45144
45140
45134
45040
45023
44993
44936
44931
44926
44918
44909
44856
44815
44801
44796
44766
44755
44732
44729
44680
44637
44630
44625
44559
44527
44501
44407
44398
44354
44351
44347
44344
44333
44327
44276
44271
44262
44250
44105
44093
44050
44046
44041
44036
44018
44006
43997
43965
43960
43947
43941
43927
43869
43860
43853
43850
43832
43797
43786
43784
43767
43758
43755
43744
43740
43738
43729
43725
43722
43704
43637
43594
43582
43573
43572
43562
43543
43534
43523
43458
43420
43416
43366
43342
43320
43308
43294
43273
43261
43253
43233
43189
43153
43134
43127
43106
43103
43100
43090
43030
42970
42961
42930
42857
42853
42850
42845
42844
42840
42828
42819
42753
42737
42728
42702
42683
42676
42668
42655
42585
42569
42534
42513
42512
42498
42386
42379
42350
42328
42319
42300
42292
42221
42219
42218
42208
42185
42163
42151
42143
42141
42138
42137
42124
42099
42095
42072
42070
41993
41990
41967
41957
41945
41921
41902
41838
41829
41809
41801
41781
41745
41672
41661
41651
41621
41607
41562
41552
41482
41459
41454
41427
41417
41408
41400
41395
41366
41358
41344
41319
41308
41303
41274
41260
41255
41245
41237
41230
41219
41196
41192
41186
41113
41102
41028
40995
40968
40959
40930
40912
40903
40866
40862
40846
40838
40824
40822
40769
40750
40735
40731
40604
40577
40574
40543
40530
40521
40467
40434
40406
40403
40369
40368
40365
40278
40245
40233
40216
40204
40200
40169
40168
40166
40164
40140
40117
40076
40057
40034
40029
39999
39991
39971
39964
39952
39950
39931
39925
39923
39918
39852
39826
39797
39789
39783
39773
39762
39713
39694
39677
39646
39627
39605
39590
39570
39567
39565
39427
39422
39397
39391
39370
39319
39312
39300
39254
39252
39237
39191
39158
39132
39046
39040
39015
38986
38969
38965
38938
38899
38852
38838
38812
38803
38762
38748
38708
38644
38633
38621
38620
38614
38598
38523
38521
38517
38499
38497
38490
38470
38446
38422
38380
38375
38371
38334
38320
38313
38255
38232
38181
38165
38156
38144
38134
38133
38109
38104
38068
38062
38036
38025
37985
37962
37933
37929
37924
37912
37901
37900
37878
37875
37857
37856
37836
37808
37795
37738
37712
37707
37685
37646
37642
37630
37624
37613
37582
37510
37491
37470
37468
37449
37428
37383
37350
37324
37319
37308
37299
37287
37273
37267
37261
37252
37245
37237
37159
37099
37029
37009
36998
36997
36984
36934
36918
36908
36895
36862
36861
36840
36829
36816
36795
36791
36773
36740
36732
36730
36722
36697
36682
36681
36672
36670
36667
36664
36634
36618
36604
36597
36572
36551
36542
36516
36498
36497
36472
36466
36442
36439
36429
36414
36381
36320
36298
36285
36283
36198
36193
36191
36188
36140
36136
36129
36122
36115
36113
36110
36064
36027
36025
35981
35971
35931
35907
35888
35847
35821
35820
35802
35778
35754
35747
35711
35684
35683
35661
35623
35614
35588
35555
35551
35543
35516
35420
35408
35406
35396
35390
35382
35337
35314
35268
35228
35206
35201
35157
35136
35124
35107
35054
35027
35020
35001
34989
34972
34943
34922
34914
34912
34882
34881
34862
34839
34823
34809
34790
34782
34774
34768
34685
34683
34667
34599
34579
34536
34505
34493
34492
34483
34467
34466
34458
34369
34358
34333
34281
34276
34263
34221
34217
34186
34145
34070
34035
33996
33951
33943
33918
33882
33881
33871
33852
33838
33831
33819
33789
33772
33738
33728
33724
33716
33700
33661
33612
33595
33573
33568
33537
33494
33493
33415
33398
33381
33378
33377
33367
33364
33358
33321
33313
33306
33275
33244
33210
33192
33159
33158
33132
33123
33102
33071
33008
32996
32994
32990
32981
32976
32975
32971
32915
32794
32783
32767
32758
32748
32694
32682
32659
32651
32646
32635
32630
32621
32594
32574
32568
32551
32524
32505
32496
32488
32462
32449
32441
32424
32422
32415
32400
32371
32335
32328
32322
32317
32272
32271
32265
32233
32227
32203
32202
32180
32149
32098
32096
32030
32008
32004
31998
31960
31957
31924
31865
31861
31822
31764
31759
31733
31704
31694
31687
31658
31635
31590
31573
31555
31549
31534
31519
31517
31501
31470
31461
31449
31401
31400
31389
31373
31348
31336
31334
31324
31314
31300
31269
31265
31216
31180
31167
31138
31098
31095
31077
31064
31040
31022
31017
30937
30936
30924
30860
30841
30829
30821
30790
30780
30779
30773
30733
30716
30636
30590
30584
30567
30565
30562
30551
30547
30531
30523
30483
30482
30452
30435
30433
30428
30419
30355
30336
30179
30158
30151
30132
30114
30073
30044
30031
30028
29993
29914
29913
29891
29870
29826
29825
29819
29782
29780
29725
29724
29681
29674
29660
29652
29631
29630
29624
29556
29554
29548
29496
29492
29476
29438
29430
29385
29334
29288
29256
29250
29222
29210
29203
29147
29066
29060
29055
29036
28950
28896
28847
28839
28816
28785
28784
28771
28721
28707
28699
28641
28638
28637
28628
28610
28566
28563
28552
28539
28535
28533
28485
28476
28471
28470
28441
28436
28429
28380
28365
28341
28327
28290
28249
28238
28199
28198
28178
28168
28153
28149
28137
28118
28117
28114
28094
28090
28051
28050
28041
28018
28007
27957
27928
27893
27825
27813
27802
27774
27769
27758
27747
27718
27713
27681
27665
27642
27625
27597
27590
27585
27579
27515
27507
27505
27479
27470
27469
27447
27406
27375
27367
27298
27275
27259
27214
27195
27190
27172
27102
27075
27059
27054
27035
27033
26976
26972
26956
26938
26876
26854
26851
26835
26834
26804
26798
26797
26791
26783
26769
26765
26724
26707
26695
26689
26685
26658
26605
26566
26558
26556
26546
26530
26519
26515
26498
26496
26491
26488
26482
26459
26440
26436
26425
26417
26406
26384
26374
26295
26280
26237
26233
26230
26186
26170
26162
26128
25957
25917
25914
25886
25882
25879
25801
25741
25731
25673
25627
25600
25585
25522
25489
25475
25451
25436
25412
25383
25382
25378
25348
25343
25332
25325
25310
25277
25264
25248
25242
25237
25226
25164
25148
25135
25128
25124
25117
25100
25091
25086
25079
25074
25034
25015
25013
24992
24980
24949
24945
24934
24933
24891
24878
24867
24828
24742
24740
24696
24665
24663
24643
24576
24573
24515
24514
24495
24474
24441
24433
24401
24390
24327
24323
24318
24282
24238
24221
24218
24214
24191
24180
24153
24148
24145
24140
24137
24095
24072
24054
24026
24001
23992
23949
23939
23915
23881
23870
23869
23825
23815
23794
23792
23749
23712
23704
23693
23690
23659
23617
23580
23568
23556
23542
23495
23455
23451
23428
23425
23371
23348
23343
23265
23243
23233
23227
23130
23122
23120
23085
23055
22999
22968
22942
22940
22903
22902
22845
22828
22795
22762
22723
22712
22673
22653
22645
22631
22598
22570
22565
22554
22549
22532
22490
22483
22482
22479
22456
22452
22447
22407
22396
22391
22338
22310
22298
22288
22212
22177
22136
22078
22065
22054
22050
22042
22028
22019
21995
21988
21920
21898
21877
21840
21762
21760
21748
21740
21727
21717
21679
21678
21674
21645
21637
21629
21626
21612
21606
21584
21580
21576
21543
21520
21507
21504
21496
21491
21471
21466
21453
21442
21426
21352
21316
21310
21295
21260
21252
21208
21177
21136
21116
21094
21087
21045
20957
20944
20925
20917
20905
20833
20832
20829
20786
20778
20760
20723
20677
20655
20617
20613
20593
20581
20519
20452
20399
20357
20343
20334
20330
20312
20305
20296
20280
20214
20213
20208
20201
20196
20182
20156
20124
20108
20094
20084
20080
20071
20029
19968
19957
19956
19936
19918
19917
19913
19898
19867
19862
19829
19820
19806
19801
19789
19728
19727
19628
19603
19593
19591
19573
19569
19543
19529
19523
19521
19497
19467
19434
19411
19407
19401
19370
19364
19359
19331
19249
19243
19226
19201
19196
19194
19154
19133
19127
19073
19072
19059
19033
19015
18971
18960
18939
18924
18909
18865
18864
18838
18822
18743
18735
18711
18700
18650
18641
18626
18605
18557
18547
18522
18514
18461
18395
18372
18363
18346
18318
18317
18311
18303
18268
18202
18184
18179
18147
18124
18117
18098
18044
18027
18023
18021
18010
17998
17988
17945
17936
17908
17902
17862
17855
17816
17813
17760
17742
17735
17700
17672
17639
17604
17557
17538
17524
17522
17507
17497
17421
17399
17396
17309
17286
17223
17216
17207
17202
17201
17176
17170
17155
17140
17099
17085
17076
17069
17063
17047
17046
17042
16992
16988
16981
16978
16975
16925
16910
16897
16895
16866
16853
16843
16823
16821
16811
16805
16798
16769
16744
16738
16715
16693
16692
16679
16659
16647
16646
16632
16620
16607
16606
16552
16551
16542
16510
16483
16477
16471
16409
16404
16401
16379
16377
16362
16318
16315
16289
16280
16205
16175
16168
16156
16147
16143
16138
16135
16125
16106
16097
16093
16076
16061
16039
16034
16033
16013
15981
15974
15966
15952
15932
15921
15915
15901
15874
15867
15866
15845
15843
15805
15765
15754
15747
15723
15720
15704
15697
15653
15628
15578
15574
15549
15490
15467
15373
15365
15317
15314
15301
15278
15276
15265
15246
15237
15231
15213
15180
15169
15165
15152
15123
15093
15086
15082
15047
15024
15000
14980
14916
14911
14885
14840
14822
14810
14791
14780
14737
14723
14716
14699
14675
14652
14647
14642
14634
14633
14593
14575
14549
14537
14517
14503
14488
14476
14466
14455
14421
14413
14410
14409
14402
14334
14274
14271
14258
14194
14176
14169
14157
14156
14136
14116
14094
14076
14055
14038
14030
14027
13971
13944
13941
13935
13920
13900
13893
13886
13848
13839
13820
13806
13797
13783
13776
13762
13747
13706
13688
13687
13649
13635
13616
13607
13554
13472
13450
13448
13378
13369
13365
13349
13348
13337
13313
13281
13242
13227
13218
13216
13204
13138
13132
13112
13107
13057
13053
13046
12993
12992
12988
12955
12876
12858
12835
12805
12802
12765
12748
12740
12704
12702
12690
12670
12655
12643
12637
12628
12623
12617
12616
12615
12598
12593
12590
12584
12539
12533
12463
12418
12399
12391
12379
12366
12337
12336
12286
12245
12239
12217
12206
12156
12142
12132
12128
12125
12124
12116
12113
12106
12098
12061
12052
12032
12013
12011
11990
11988
11974
11955
11905
11835
11777
11760
11754
11707
11687
11662
11628
11591
11590
11579
11516
11512
11477
11456
11414
11411
11383
11371
11363
11344
11342
11313
11309
11285
11277
11273
11255
11235
11234
11229
11218
11212
11116
11103
11099
11085
11037
10988
10952
10947
10936
10897
10883
10868
10861
10836
10809
10775
10758
10714
10686
10680
10677
10675
10646
10621
10611
10605
10604
10598
10575
10570
10568
10545
10538
10504
10489
10464
10446
10445
10414
10396
10369
10336
10313
10295
10249
10243
10236
10230
10219
10199
10173
10168
10166
10162
10142
10133
10129
10126
10124
10105
10104
10079
10074
10024
10013
9974
9973
9941
9924
9915
9880
9815
9795
9794
9789
9783
9767
9766
9759
9746
9677
9643
9604
9593
9577
9547
9503
9495
9490
9468
9460
9428
9413
9394
9377
9355
9339
9335
9329
9326
9320
9306
9304
9302
9279
9272
9255
9209
9168
9154
9143
9137
9127
9124
9087
9049
9031
9019
9009
8983
8978
8959
8918
8897
8885
8873
8870
8867
8857
8837
8807
8790
8787
8748
8747
8739
8677
8670
8636
8623
8592
8583
8560
8545
8543
8541
8540
8530
8509
8465
8457
8443
8442
8438
8416
8391
8380
8364
8350
8338
8301
8288
8224
8216
8209
8189
8188
8164
8152
8134
8107
8091
8087
8071
8049
8048
8022
8001
7948
7893
7891
7886
7855
7824
7816
7811
7772
7751
7745
7719
7713
7711
7700
7681
7676
7665
7662
7655
7646
7615
7585
7549
7531
7508
7505
7503
7478
7461
7416
7410
7408
7358
7351
7312
7311
7310
7309
7281
7280
7276
7225
7221
7216
7210
7191
7183
7168
7149
7127
7113
7068
7032
7030
7020
7003
7002
6947
6894
6883
6870
6852
6847
6836
6815
6805
6763
6746
6741
6699
6679
6658
6641
6625
6607
6597
6556
6531
6498
6484
6478
6443
6422
6419
6413
6400
6394
6333
6328
6325
6299
6266
6241
6227
6221
6214
6208
6207
6198
6182
6181
6180
6158
6125
6114
6104
6099
6066
6058
6040
6024
6017
5968
5967
5956
5944
5932
5914
5912
5875
5818
5769
5743
5701
5700
5650
5648
5640
5626
5622
5589
5576
5561
5549
5535
5489
5457
5407
5385
5380
5334
5330
5298
5243
5240
5237
5220
5206
5176
5173
5169
5131
5085
5019
5005
4994
4974
4957
4928
4889
4882
4873
4854
4834
4821
4814
4808
4807
4787
4775
4767
4753
4730
4704
4695
4651
4636
4620
4619
4598
4596
4572
4568
4567
4552
4498
4489
4487
4425
4403
4398
4387
4369
4353
4329
4320
4298
4258
4242
4236
4224
4223
4222
4207
4205
4177
4129
4093
4060
4041
4036
4033
4031
4029
4012
3945
3923
3893
3875
3816
3814
3791
3771
3765
3736
3701
3680
3621
3620
3617
3597
3596
3550
3548
3543
3524
3516
3502
3494
3456
3449
3434
3432
3414
3412
3410
3392
3371
3327
3320
3292
3239
3210
3177
3175
3165
3118
3107
3064
3060
3049
3029
2992
2977
2967
2961
2945
2916
2906
2900
2891
2888
2876
2852
2824
2795
2775
2774
2771
2757
2739
2717
2710
2703
2697
2665
2657
2656
2629
2604
2536
2514
2496
2490
2455
2433
2403
2392
2387
2375
2369
2355
2327
2305
2263
2235
2224
2217
2195
2184
2179
2136
2128
2117
2072
2043
2034
2030
1986
1939
1910
1906
1896
1871
1825
1811
1808
1792
1786
1769
1742
1738
1736
1665
1636
1594
1588
1584
1549
1542
1466
1415
1413
1390
1385
1371
1354
1353
1300
1274
1233
1231
1229
1205
1184
1174
1119
1115
1091
1050
1049
1047
1038
1013
1008
992
962
944
877
852
847
820
814
808
807
791
778
766
758
751
722
717
697
680
676
658
655
652
634
623
614
572
543
523
520
519
481
442
407
397
348
341
331
279
263
239
230
221
200
177
95
92
60
47
28
7
