60418
86917
32794
46842
28118
52397
3210
43562
31960
90170
97170
98022
8787
21674
75794
97007
16404
73056
61459
85289
95288
82094
8677
74128
11579
83927
27059
97216
75191
33728
34458
57212
36188
94908
95946
62650
18822
96018
4093
44046
83382
33716
72456
32646
25343
1584
86745
59662
51129
37159
31180
38969
16647
44093
45140
80224
38748
56185
24665
76419
96717
71559
61182
92256
72522
32748
7191
9880
66685
35406
79906
79389
45337
42141
89910
50718
52065
49264
97713
19497
80591
177
39237
8188
93160
45670
38497
85477
12598
55033
84460
59910
71774
99979
9495
83236
38025
10775
48868
45280
68425
77821
98446
25015
96943
33724
62761
38144
24072
8545
71504
61437
442
33996
46586
37900
54795
7505
93112
85315
13893
99700
59627
17557
29222
21116
27054
697
22549
62895
93142
84241
71656
56386
38470
90869
36672
13762
68483
27447
97752
18939
24238
74986
45271
37237
74516
56647
32994
54233
59799
80286
9031
11363
17902
8870
95803
94865
4207
39015
85528
32400
69535
65158
81410
32328
61237
28429
74682
28476
7745
46489
13920
29630
53597
21260
85316
19133
34579
53707
75729
47242
73813
16168
80759
64334
64183
84684
89086
92956
32149
19727
46555
21453
85198
47605
14885
69037
94855
35420
60236
46778
57430
39852
26566
48312
16289
34881
54620
19728
97789
32322
27195
65517
99861
38104
70860
42683
71942
34839
53061
36136
10809
91859
59781
90051
96534
74951
61639
68914
33738
76314
28533
32783
46335
75074
20071
14699
32551
12125
70071
99684
94970
82161
11477
29556
85382
58772
64313
31635
59888
52983
76376
91351
24696
72401
73074
67544
35683
10142
47769
9143
15901
17223
26186
57895
91940
69777
61767
65970
21576
80172
52959
40034
38499
61486
97771
41028
31957
10013
24390
23568
11414
25348
92032
19543
53993
81895
45905
65506
43740
8897
40846
36997
78682
1896
14413
6413
44041
86100
97742
7
51874
66250
45669
86111
26496
75597
15720
15754
49860
34599
90682
84031
28114
74540
76925
79529
24153
88925
10988
27813
12802
43786
47865
54814
11835
44936
33494
36551
85018
18372
72031
8541
36862
17604
32030
40368
5944
91717
92888
75493
34263
65725
35157
54890
82693
57806
86115
81872
71187
48244
92969
25741
70994
99628
18547
93540
24576
22136
4353
47221
2629
49940
82709
52740
51994
95847
79426
13839
655
5743
7655
5875
12013
49397
80364
51523
93489
13776
37685
26170
59589
75629
34768
52726
48811
95128
76164
94938
89326
77419
75863
62813
11342
6556
69653
46071
52753
20084
10162
87290
10166
56727
15805
56648
22999
62883
39783
4223
18117
31517
86275
91459
37245
15000
39565
6852
51602
4598
32462
40824
64534
53275
42219
93212
29066
9019
16978
60646
56199
51981
17140
97153
12011
47416
77863
89160
91185
39370
19370
66438
1636
63955
67726
49462
74164
31334
73616
68213
70419
90421
44050
68961
2043
42350
42737
68131
9209
15723
86152
41102
4041
6158
42185
14675
32449
31098
45781
85232
81085
21626
90319
21898
49283
42137
49622
75640
7886
22447
20917
27713
31167
68226
88058
78820
59498
5243
14055
51745
40369
85950
10219
7891
77866
44105
97113
28238
44909
92218
6241
77268
32635
24148
75631
49000
58631
81183
4994
69490
89502
64885
82535
99599
89140
75254
67972
20334
27406
31519
72530
52393
54270
66979
66568
2717
18865
96292
55520
89748
47874
55950
77105
79514
67130
12655
62776
45197
75562
78863
99237
8540
62394
97598
56993
5968
75779
36918
70954
45887
76541
18924
5650
8457
23227
59628
80645
79965
67370
60889
93319
59622
79421
41993
5334
15165
17176
94125
59016
84094
98556
11456
32317
6207
18461
33772
39991
30733
48537
69075
54295
41255
20312
87359
7149
77092
57740
1013
53957
6531
52601
54682
64191
87169
98368
35821
4787
52907
77003
23371
10504
71527
23122
23265
29825
34186
19968
78320
46375
4928
36027
51683
8301
8048
65339
70349
79709
50512
21177
28539
99927
12336
44729
28470
36025
60768
37428
45496
11285
18395
70615
99282
79004
75830
14038
8583
48156
67052
34145
95395
49214
94510
60010
820
80691
15093
4974
93252
1115
71467
46188
13783
78384
11234
48249
80207
11103
68545
44276
39999
59174
53594
70068
85730
70229
43947
69129
27957
520
97554
93919
84566
41562
7281
15490
83358
2665
84330
88948
10883
59934
79656
97570
11313
20655
83059
14466
18346
65591
52164
15237
58107
11037
84664
39627
5701
48055
30567
16483
18318
89533
46404
56260
6679
93388
33700
15747
61892
47597
49041
26876
29036
18303
83885
14030
80580
66873
49798
29681
81612
27625
36667
54337
634
53104
65941
44926
94384
51320
7811
74161
11255
84209
42070
25135
41829
49106
49162
96568
41186
94400
58192
83557
46786
72055
53942
10714
7003
7216
3410
43784
84324
1274
93981
8623
37808
27893
58528
22298
46315
10079
66076
46008
83894
18735
2795
71190
96212
62456
69170
99317
4620
55709
97403
59889
74770
26556
10336
34221
36191
8071
66126
2375
847
80825
9428
34782
54188
81235
83057
37468
10686
98467
76992
56538
91305
38838
63490
13348
3620
71855
13688
82146
26482
39971
61235
57357
49848
71449
88902
31924
49603
15024
67465
89343
98172
1742
70738
38380
84070
68208
92461
89845
31704
19331
78235
49085
54573
63217
47752
5535
35027
2030
72440
30936
29492
12463
50453
69983
26295
7408
32682
3816
58503
13337
91343
23243
97052
38109
58298
80055
42124
86033
19226
20196
16034
22177
42676
86256
68091
84843
64501
7665
35228
69001
63100
96231
11974
42498
43543
36414
13053
70297
99604
97404
1049
53223
83817
40278
16646
46013
44351
91057
39694
39646
88177
24191
68835
19913
68618
97231
39826
65333
36439
95813
36542
79232
99071
46135
85249
41344
51698
43090
53225
6182
200
77073
13450
60309
97091
81944
80692
91170
26724
18363
83769
82352
11309
96792
96022
86242
28638
3049
6198
74855
92777
45485
50984
4224
29147
72340
36298
16147
3945
10024
658
46981
92300
83096
41219
76715
71381
90553
6400
74015
29476
55553
56084
1549
20208
7309
82507
4753
53441
74657
88331
16693
84561
7020
46978
57669
21252
22407
82630
28149
18514
4854
67014
55414
45729
58964
6024
85030
58322
19628
79747
60775
42300
60292
69925
96843
84357
45304
80091
34882
71123
91105
70961
57423
12337
94743
66485
12835
83222
61585
1811
74153
16606
92038
80681
6333
24573
18021
68116
37510
97253
51159
3923
88136
96630
47576
61224
9468
59574
46085
86155
59520
81401
22490
72730
23495
80886
89066
29993
21094
9973
13554
26769
20786
55315
22673
72830
54798
12052
33358
85787
69633
56898
82218
82573
70470
37470
79814
48292
41319
36934
64619
89588
69367
71147
2387
50303
41459
99082
67748
60793
93138
85091
28771
79523
72897
9789
49142
26685
74471
12740
10133
12765
10947
94762
92715
52268
47234
86014
7503
59538
13616
7948
91198
31077
64720
38812
96522
12156
33008
75154
74328
15765
3814
28050
71648
1353
96686
9766
1354
9049
85206
32203
91137
87985
8959
30179
65168
95516
95999
84063
24992
4567
30336
15314
77145
68491
66734
75945
37099
70522
13649
60792
36122
21504
16076
51048
26128
83182
47907
57496
53561
13472
66464
1229
85515
19364
85573
52026
95240
71568
27035
93191
87645
51213
68275
28641
83840
24318
84813
65953
3414
20399
91401
16866
35206
40168
67300
9593
54913
12704
79466
66412
59830
98124
47
67054
9643
62763
61407
48135
90922
9127
52272
51073
54305
22598
58571
81131
11777
27758
47922
57328
5169
67649
79329
16895
58424
29210
33071
82990
90637
37707
91674
42828
15278
74771
1665
58694
39677
93541
69122
33367
82851
77931
25091
35747
65005
37929
17396
62921
78815
80226
18909
38598
60025
73914
99298
2355
98483
13046
46263
21136
49699
71182
58371
53095
29554
42845
14488
50500
614
17908
30829
4205
15704
26162
11988
39762
6299
39046
44333
42221
66046
33102
82751
23915
27769
87219
40866
45023
76776
90326
87827
42857
96451
63078
31573
62787
26440
37630
72640
6607
10129
3064
86246
9168
6805
62893
40959
84833
2916
67512
53305
83562
88823
82627
2774
74549
17047
63673
15301
95545
25914
52577
75130
63163
57228
8592
84691
14840
15866
74244
70483
49503
97912
56627
91511
9306
27275
82936
94934
50261
75426
12637
82492
45332
45157
1390
80567
92677
96785
82380
19073
85368
82473
30779
92320
87738
81140
81136
43722
348
43941
92912
87903
22712
51363
58916
10105
96619
83134
98892
37324
31998
91061
66524
89555
38134
32496
22483
26230
50458
73803
89591
86504
43758
79578
70649
10173
29914
55418
64898
65877
23659
5005
89577
51070
33661
25242
1939
52727
46426
77410
18010
36908
80315
56144
12539
33573
12623
33943
57169
10604
67843
57126
51557
54459
90785
90353
84720
89835
58726
751
59634
61365
82658
72023
82704
95266
70371
34912
14537
49490
49537
17042
71296
25957
10861
22042
15578
3327
8189
47863
36113
5330
29652
69991
13281
75754
52973
64013
88856
64485
35124
81274
37985
72681
22028
74160
21748
64540
14549
4298
96801
44344
54994
72099
54468
28051
79632
93884
14716
93755
43233
96377
331
51122
98693
72346
66837
13706
48600
94426
30028
34914
92127
50819
43342
8049
34492
40200
81098
31590
51943
88627
6658
10199
38620
95381
43960
48750
13132
4029
25079
36466
17202
55759
48481
29055
37624
70192
97609
34972
73207
95785
97581
523
24495
99688
15932
42569
98297
99486
3165
9924
81693
97326
65359
68598
80004
49253
96328
15373
85084
37738
962
21087
19467
26459
64400
3060
33210
68459
27802
74865
55657
26280
54240
48317
40604
78824
54718
50679
13635
83506
67247
8091
65749
81301
23704
88321
77761
83151
52194
7032
48733
91686
71200
19591
52263
31216
51858
65622
5576
32767
1371
9604
96492
32335
23130
90301
63158
24054
23992
7312
12245
41308
81322
6099
13349
82343
78394
50911
16910
58696
95688
1786
2496
81739
88439
1466
78880
24001
89881
88411
47603
72791
33819
43572
65011
94338
25164
12702
96540
98106
38320
69542
20108
59244
53810
62204
94549
12391
84858
54700
11628
96457
71821
30937
35802
32265
5385
84715
36682
76052
43965
76707
5769
78791
1594
14593
65758
6741
84739
64155
16769
48740
21995
43997
1233
30355
49361
72126
97333
51824
73730
49012
36670
28090
10249
68949
15082
76527
74097
99077
99131
25522
65497
67635
3736
57942
75889
36773
91763
68106
26783
86750
33595
84375
50373
37308
53206
2455
16379
63214
59902
46845
35684
94885
24980
78084
97555
60147
82338
1738
89346
87584
17069
4873
55931
23617
30565
97884
96010
75330
17507
94382
39252
80746
47537
5220
21295
77190
63198
78188
47336
31324
11344
2771
95551
10621
17945
90283
10836
28137
69310
77893
85809
85714
8216
39923
92641
8107
77905
52058
80017
17936
12628
49259
10446
89899
28552
62856
97482
82200
14156
51888
57851
15874
73095
62121
1736
31694
85134
69728
65541
11411
65405
62598
46003
63489
46521
84156
93175
52435
41260
20343
67007
13747
92898
70385
41921
72621
34667
28153
52269
32758
43523
56873
82312
88912
48719
65581
64490
83466
80010
22065
27172
33132
26804
69242
99035
71983
37712
45984
18743
52902
6040
36129
33377
68060
72087
2876
64093
77644
6699
70302
55949
13204
407
49363
49581
17862
50927
27579
38803
86758
53073
41196
74313
62729
74822
44755
58113
78891
61973
86282
19243
2224
16125
88287
93096
60306
99602
55531
31555
94195
46493
15180
94153
37933
78977
68094
65712
54948
45363
66284
56575
42753
72353
26695
95300
89139
50400
18044
86921
86130
32371
13687
76354
83787
80036
27102
97338
10104
64644
52432
14737
1542
40769
24828
78378
81793
91145
83406
70238
99221
60160
43127
77466
74720
84504
36140
76998
32202
19401
58128
78027
28471
96973
71417
94486
17735
85935
54273
99286
7531
20944
83090
69585
1119
82793
50349
90147
14402
17742
95448
26515
62044
22968
71115
8807
28341
4033
64738
3893
29870
69268
73584
99239
26530
9815
49808
18184
22845
22565
37857
15246
75231
55959
71826
54058
7410
7461
39254
2179
24867
90524
96651
38899
28380
14169
43869
5085
85513
81455
68119
88848
71146
98559
65202
76927
42512
69470
81890
39312
20214
20357
95537
72536
91607
42328
59919
2657
67233
20723
46416
77678
95307
74397
92389
67053
54290
72261
33789
18268
62672
17522
18711
40057
36442
36740
42151
59497
81002
45258
22456
29256
75374
47475
48554
24742
76362
6870
59288
29430
32272
74630
49002
70389
99333
16823
36285
61699
75531
80316
41408
14455
4129
50878
78324
3029
79588
73613
38232
31658
39931
69796
81476
14980
88083
95376
51141
47263
68280
80287
91247
80406
11516
63340
2739
18147
6746
19917
11760
6484
60062
65426
90356
57688
40233
88037
21316
29548
54926
66695
52876
96730
2961
56943
45611
96825
76817
68650
16093
7700
65887
18700
86660
40166
3875
1385
41607
87049
98581
60816
53814
81263
8438
7478
79945
86306
93776
47994
49915
63823
62964
47367
92913
81187
92241
11383
81424
19862
79609
78222
75209
70272
3550
9577
76844
82603
97751
69166
80257
36664
24441
58629
53089
19936
80822
27259
44354
49133
53573
38521
84199
61586
11990
26956
6104
44347
73643
50456
16821
10124
72793
4489
7751
3548
70929
62201
60355
95055
5932
30158
27375
86028
12584
7615
16175
76732
74636
71003
79893
72298
34467
60968
76647
77903
35754
30636
76768
43767
34862
22288
25100
65300
28699
8364
51367
36816
63877
24218
3543
62431
64522
59090
8747
25917
85589
41366
71911
23120
14157
97585
52310
807
91846
34922
97647
19249
20832
30790
18960
30483
68812
43134
12616
6498
26436
22795
6947
98926
81425
28637
75691
52282
42961
96368
53776
82629
53176
71058
29674
68315
20330
76833
5380
44918
68877
2235
95715
48545
5237
15265
8790
95533
53837
94271
89538
74199
23428
88679
49371
84803
14409
25325
14723
6836
38621
38644
3617
19573
74875
80027
12032
39567
42668
4704
94049
25277
39713
76986
9413
22653
61372
99126
58060
79615
45144
63866
65113
37795
62309
28950
54410
13112
29913
9677
36732
54757
57422
75109
92548
98575
43308
87214
21988
60618
11277
52092
52281
45390
28816
86383
62832
17099
33192
12593
30841
93725
52165
71952
9329
8509
70799
43320
25673
71191
89630
87897
3434
55464
1300
32976
53516
78327
98500
35820
10369
95827
50382
38965
40521
44398
92478
5914
48504
10646
38614
53070
19194
99782
66566
77837
15317
82819
56214
99721
64350
26374
26233
73412
15123
70065
71804
31064
32915
5489
84051
94924
55729
31534
39964
95542
94022
18557
10570
84944
7183
28290
40140
63091
16033
37582
46160
60030
57750
1415
10538
49681
32594
49857
37273
94107
52602
77144
20213
50056
4775
91461
30562
85308
23556
50228
92435
36572
85812
57698
41245
20613
84341
44680
43738
54261
84525
85052
31687
24140
66540
53427
68114
62305
94681
39158
59713
47054
47258
53853
59532
17524
71016
73539
68642
35314
48236
26498
4808
77909
50791
30773
57019
47152
4329
25627
5648
7646
68189
77650
17813
4552
65897
13886
10445
45425
55433
26417
95654
36472
97193
35107
39570
65642
92143
61332
87992
80426
73447
90390
64681
7225
94248
84589
49231
78126
26707
68917
28094
96496
56613
17076
89514
21507
50301
55064
61872
27585
61328
97487
80374
90002
36193
54857
230
69081
16988
63021
19898
26558
89183
53571
79356
33123
29624
80863
70390
25128
43420
3449
22479
56232
76267
28628
1413
24740
94474
5407
51496
16925
51137
16552
77574
47611
32971
40076
32505
24514
45799
81091
5818
90031
58390
27469
94429
89624
68636
44630
66707
64978
33415
85188
79911
52041
37901
89403
80558
76807
14791
41945
75227
51168
20029
8739
53147
37912
41745
10611
49377
85932
15276
35408
48508
71011
85982
57373
69621
43797
94033
2327
6328
33568
30428
41651
86207
52603
86732
37491
78323
75643
50110
24891
43573
16039
28707
87965
17309
51041
21442
14810
39397
88271
55168
47405
43832
53775
20677
74118
32488
15047
35778
21612
34774
43725
98192
76057
72420
33398
31449
64829
67279
21840
54112
84707
80156
63253
51818
48997
91713
79213
42319
17988
67050
57280
6419
84319
97920
20905
50583
57256
83175
99387
43103
82938
43704
20080
32651
48520
24221
81761
67721
72069
60088
42095
50407
89503
23690
8978
57158
34989
73319
5176
19015
78408
38375
57273
34685
38313
63162
86288
59864
28785
21471
15966
12116
36861
22828
52020
71384
18098
61440
18838
12670
85967
98051
25382
11754
91244
68013
12113
20124
10598
53307
53110
62077
62767
40543
63599
42850
67187
54567
77739
14258
85602
11905
23949
17816
3107
16097
7358
20760
78580
6208
77853
12061
95606
75937
9320
31336
37613
28168
83520
17700
61779
78878
55796
39590
11099
80509
88604
64789
24663
67262
20280
22570
10868
7676
94169
83202
47282
80196
93582
33364
5626
81652
81755
40245
8465
66494
93798
60081
55626
55352
78365
52129
26546
57253
83254
7893
17155
89245
57588
65568
24145
2072
3524
58735
13797
17760
8022
25074
51977
47487
66821
87893
33918
84473
79027
22762
96432
89810
99795
24026
37287
85397
69812
41395
71413
26658
88820
16811
7280
38708
88463
15152
56950
93978
51960
16143
93950
84650
79303
52628
9302
11116
61095
82475
13941
16477
85166
21877
9394
92580
30044
6066
11512
62324
38371
70090
42844
46002
80479
72534
64198
12124
10074
90556
81257
31470
33852
82734
51640
6221
85349
58450
55181
27590
85716
75677
89359
60693
79335
29891
97665
99640
95694
93444
76502
51058
70743
14116
40365
28839
54522
86443
58858
24949
30780
58480
71558
42930
77487
62970
62138
88845
55748
40216
46874
71169
65184
83219
12399
87340
87723
22050
53773
47455
51905
45671
89023
47847
87200
43534
38068
97314
21740
39797
42386
70036
37836
49261
81099
51642
49199
7824
71078
90804
77065
80861
17170
59366
11687
15974
95154
54414
91402
84911
71235
95153
944
69766
623
78076
76300
20094
47687
92055
54851
54653
74229
43853
33612
5240
16607
22942
76835
27298
722
79927
81073
41358
2852
5561
28535
71614
2117
33275
41661
21629
51964
98996
96633
82844
11235
7508
40029
63580
3292
2514
2824
82399
13378
36618
69645
64640
29060
75534
7221
61668
63179
71585
20581
16471
70097
53108
25124
46756
23085
33951
76728
95995
52927
60568
51280
98459
79535
62003
52992
85446
18179
43850
58253
51862
63610
61865
94744
57338
9326
70113
96375
9154
31759
80232
78988
59311
12643
60053
80786
83145
5912
35971
66864
40930
20778
12992
21045
22310
62357
35020
19529
44625
25264
49610
47639
11590
22631
33882
6214
8001
20182
91147
56938
82918
45478
79297
20452
59443
58027
717
50515
18864
91771
82112
79869
13971
81430
18971
8087
78516
28198
67035
57866
55297
32981
44018
9974
35711
66996
23542
66809
14076
4222
99897
71771
68422
42728
85653
84877
8670
40204
72068
61390
34281
24878
42163
72622
55595
48781
51397
58414
60228
12615
84400
91005
16013
63873
82850
82904
74854
7772
36829
2945
32630
15921
10952
94534
82005
66058
90941
44732
77753
41230
31348
70533
70391
31865
87552
77549
34483
78064
97837
69497
397
16805
92337
27190
19359
36697
20957
43253
76363
70960
72378
55784
7713
69988
47620
92395
19411
44250
15845
77880
81440
80369
84494
43860
71450
99421
8885
79412
16897
5173
6815
59007
55688
24934
28847
81118
4258
17046
79838
20833
31549
22212
54668
92432
9137
37449
49330
62850
93247
46636
23749
8530
12142
19434
814
71955
93291
24282
22482
12098
47394
31389
86955
35888
85010
82127
97298
57521
58940
3432
652
37299
23580
78100
24214
13448
99787
35543
1038
68607
17855
95986
37383
76558
26791
50477
3621
56158
99810
21208
54372
76824
49893
76465
32004
6181
8748
35661
81282
95319
2369
84050
81728
8636
30435
46783
44856
46193
35136
93264
72092
70894
17497
9746
27928
70174
93772
50849
54672
3502
82830
79236
63099
22338
67597
7585
63697
44931
82297
72512
27479
14503
8918
1091
88047
78467
57690
59765
46998
48603
85762
69784
16843
50124
97505
29334
6017
46945
59371
30132
58882
96978
21543
15628
83860
35623
30452
81686
19956
40750
84369
75390
37261
79238
34505
15952
46545
70885
19801
60433
33871
852
83891
37924
87121
75104
28117
86825
98517
66024
7127
63916
27075
58625
50991
49121
83889
4060
87362
79506
21491
90411
45402
71781
4882
38852
39918
59467
41809
93638
50454
20519
81514
63546
9087
58727
58797
91399
25332
72942
481
26834
33838
45888
5019
22902
19867
85623
85741
5700
75361
61191
66622
98816
8164
16409
46174
24474
82346
22391
59302
4012
46987
6227
67455
8857
26797
5206
16542
80052
56929
10313
54467
79941
32996
80764
32008
96462
74680
49507
17201
30590
34536
76893
78182
74189
49958
81929
5131
52551
61530
68840
68088
29288
41192
70030
68121
56578
75508
59165
63894
74310
16280
6883
96062
86349
24137
21679
93179
94532
24323
97531
98888
19820
58353
62946
18023
55786
15231
78952
53314
86908
21637
75205
96971
6325
12106
51080
9941
94958
35054
16551
75256
3597
40822
22554
13218
4767
30523
58203
65645
63759
58462
52880
65138
18027
71481
75568
27825
84360
51136
54526
43744
84985
51709
98526
78926
758
36110
91640
12132
63303
65830
88703
81630
89052
13107
47147
15467
78081
99041
80841
26765
43582
16679
77629
43294
54597
85896
2604
27515
34809
37856
69164
96955
6847
97214
62847
44527
26605
80038
68171
82407
56745
36115
80798
85880
51892
46401
9915
44637
29724
53745
70634
94374
21580
73840
42702
3680
21760
96465
79326
10489
54007
44036
94362
69324
79360
56731
85561
88351
70671
56480
14647
79714
98474
10230
57691
43100
22452
22532
68923
46194
519
50562
83920
65374
30860
4320
90361
22054
12748
93823
95015
65814
15867
71283
24643
45449
51775
81844
85904
19789
27665
13138
38517
83772
83584
75696
80952
279
51288
55152
36516
84384
81777
9767
39773
98077
7711
47260
73607
71253
87983
38986
81635
30482
32422
75269
72212
4572
77347
42819
25086
62549
21678
65400
59317
86146
35555
67123
81700
61091
35588
91873
74976
39319
57388
89132
4369
48511
33381
63618
46876
45040
57781
95947
45174
61931
39300
18317
25248
91619
48153
32098
70635
45345
95391
8288
85700
91481
7662
37962
36998
40467
14911
97199
49930
1769
64251
39191
3765
69787
87224
28784
48442
15574
35268
25585
50667
14027
19127
92520
44801
20593
92311
60150
49224
59474
17421
65094
20201
60622
2906
34943
89241
46110
51075
99534
76466
10575
42513
40530
21717
72369
78631
74492
37252
25378
99420
9377
41113
43261
81738
7351
46447
95981
81937
88512
46625
82874
7816
26519
89074
35337
41400
84262
78918
48720
50880
17399
7113
27505
93916
84212
4242
78391
62363
53265
47307
31314
22396
66342
40912
55040
69179
6625
21606
41838
92
73875
7681
80214
92949
12128
45416
66557
26798
68142
33493
14176
99711
8134
15981
55890
1174
38523
63508
71201
50387
10680
82403
44501
82270
56689
2900
80871
12206
39789
87438
69204
71786
60448
79028
94433
84378
46341
31861
12617
23794
47373
29250
98326
36497
3771
81964
96767
13806
31269
791
26488
35201
69744
80295
29819
64459
21762
81805
63453
47266
74514
43458
76974
77343
10236
43637
16510
63225
22940
96398
70074
69135
1792
83798
55279
50481
77704
71285
77838
56059
19521
16659
76379
59586
4498
72109
68436
92752
69304
96569
8442
42099
91574
33158
99274
46063
91324
4387
49563
1050
91032
92674
75290
56683
72773
65928
25237
54344
4236
62304
66038
88357
53669
59329
44559
24095
4487
4036
2305
60677
61882
25882
16401
47504
32227
56969
30584
67754
15086
41454
71085
72880
79173
50748
54973
98202
63254
16981
89728
24515
9124
21920
16061
38255
36064
22723
82839
6443
52968
77807
79849
8867
23451
96695
33159
42585
63156
51930
71349
56675
78903
60969
88843
57934
36429
87439
21352
4651
73229
2992
85200
12533
58642
76965
43153
48670
38762
71496
77784
92185
9795
41990
84222
31461
34035
89667
72718
66843
9490
69224
52053
12993
87996
87995
79271
71141
94407
14822
56722
76295
96669
26425
69509
88986
55911
8350
74581
82237
6478
14194
55986
41957
80898
27681
31764
57376
79938
92613
41967
27470
66732
38165
43927
94381
45317
12590
3494
78221
51254
2775
85639
88447
15169
81444
37029
71622
70191
16632
55937
82756
51806
6894
52732
59286
16205
61369
3177
99597
70700
48813
89471
83799
9279
73521
9355
45844
19059
33321
36198
41482
54299
263
35931
15653
79306
20296
56658
3791
78512
35390
9255
16620
95710
42138
42840
74603
73400
44407
79803
67706
76546
62521
16692
46697
44006
61115
50769
77206
28436
41781
71145
89843
76361
84878
52083
10243
808
25475
41427
18605
93193
54398
98533
41672
55071
95316
67793
43106
67121
84252
16738
29725
42208
51539
97902
99709
20829
4596
32271
70543
33831
49836
9547
98532
69285
81291
10396
89435
46937
29780
79754
13227
16135
97508
24327
57303
87234
8338
49658
65370
30031
35396
75420
25451
94912
13944
88211
82111
73888
12286
58678
88831
31733
680
10168
40903
77921
82998
98471
37642
63149
81948
28563
7030
14780
98345
70453
3516
47150
7310
34358
78130
7276
52235
48771
92086
77042
67030
78094
50437
21520
93424
38181
88338
32659
2888
67139
2403
81857
35981
30151
67260
56735
85092
63867
66868
25600
84865
10758
5589
34683
82802
17216
85772
21466
27774
52806
63480
86330
25148
47983
86462
87937
95382
14094
63238
2891
26237
23455
7719
68815
42072
64633
25731
39391
51341
31017
76525
32975
76051
53939
39427
93847
73714
83989
47879
35907
52172
64401
6394
58673
2217
10545
97762
31400
85991
58364
76832
30547
76049
10568
6763
95095
72361
57325
97223
3371
69933
7002
56117
57155
86161
89329
14575
62722
9503
37009
31501
97678
13900
24933
93071
84705
75041
49545
85706
93856
28721
14517
7311
67135
16318
78843
16138
88527
27718
72075
63876
18626
1906
99707
22078
67638
92063
56136
41237
65857
76319
24433
26384
221
2703
75590
13369
46371
60719
50288
40862
72632
68870
43416
44993
9339
52718
68097
77493
4403
67294
74751
75328
20617
77021
87145
96491
49027
32568
84574
2710
4957
73839
95482
54956
31822
32441
82236
58053
72278
60
56493
58931
58842
22019
60940
94472
5298
88068
72608
92052
82981
1986
43755
30716
61051
16975
1910
34276
51777
2536
26835
6058
56184
95469
99531
65801
10677
91442
32233
1184
92297
20156
19918
65438
7210
58252
35614
61792
90552
30821
82402
91286
67837
81562
34466
94535
49152
30433
97843
36604
22645
543
71039
56915
87095
1047
94109
10675
86912
67652
40838
12239
19154
66289
83961
77858
6180
30114
47659
84307
14642
51110
61463
51841
51132
54426
27597
8380
96998
99401
55285
24401
55006
1825
70320
9304
43729
32621
992
71867
65384
99073
36984
66871
64069
36381
90513
68962
81337
6125
63220
28007
5457
77303
53276
94887
95967
79223
35516
60378
45795
4031
12955
68130
90876
48170
18202
23869
83685
79163
92228
55374
17998
36840
94445
10605
23348
87286
60427
55674
34823
67814
73023
12418
40735
36283
40117
60987
65101
94673
5549
43189
68578
4636
10126
18522
23693
40403
97478
97861
58563
99129
36681
80891
76239
39605
89481
69907
38036
51242
21727
51734
72194
96473
77763
35001
29203
76987
15697
78371
2697
27642
47322
86435
57177
66054
53137
40577
39132
26972
79448
79586
15915
14410
17085
37878
61626
11591
89155
45962
68608
16715
18311
39422
32180
43273
62137
65083
50424
16853
1588
44271
7068
19569
56532
78477
36722
82102
56220
23870
72195
51741
13365
65706
23939
16106
52157
16798
52564
63947
25310
75872
60644
16377
66562
94605
51100
99361
30531
94682
77849
45551
40406
42655
70270
21426
33537
89760
65063
83576
3412
17207
84425
53025
40434
8837
68260
72164
76322
6641
37267
23233
55693
49178
5622
25034
89036
88717
27214
1008
94783
35551
9009
26938
17538
29660
3456
14652
24945
50113
86110
18641
41902
13820
4619
64802
23712
57173
27033
70654
20305
57414
32694
11212
95505
64255
28485
33313
76758
11085
51188
11662
64788
51027
53479
39950
64861
59854
9783
16992
96256
8983
28441
58471
73240
19957
51171
51599
13216
48544
84103
70750
89912
80788
78913
45134
53644
12988
50642
89729
28610
38490
53857
28178
34333
72970
29438
80304
15365
32096
27747
55055
38334
31095
88393
89304
3175
4568
40731
8209
61923
21645
61942
51214
33306
21310
30419
52789
4695
10295
68129
9272
8543
87540
83812
62135
72680
8560
58131
44815
99436
50136
92012
53695
9460
41274
98758
77305
10464
27367
92402
54542
19806
2195
84477
66093
61156
70783
5956
70053
70957
98485
74617
48318
70115
11955
43366
52801
83413
29496
73508
97594
46869
23343
87012
19603
86289
95567
61258
67166
93685
83500
67736
59386
3701
65550
83967
90660
12858
55957
239
26976
47908
82472
65334
78710
68675
2034
90859
19196
55487
60007
74906
49167
67781
48934
42534
45488
1808
41417
54514
61044
47584
97362
76056
40968
42853
49274
17286
30924
13607
87762
94608
47118
41303
4834
80958
19072
69651
53556
28041
82576
45730
75570
99550
36634
26406
75036
11371
62542
48359
4889
54983
25489
85545
80441
30073
13057
85329
28896
79540
5640
28365
86724
29782
73121
95
18650
52656
49355
82197
8873
61344
42970
25412
76415
32990
28018
28
25886
2433
93027
52961
23881
95449
83884
28199
59225
94503
33378
17063
84801
86788
27507
38133
29385
572
63781
12217
2263
79425
21496
82934
68420
7549
96058
64862
50870
79397
76863
92880
82847
38938
676
1205
34369
11273
37350
84318
19201
34493
12690
86797
64027
42379
63277
32574
38446
78251
74595
36498
42292
15549
31040
341
52781
34070
25383
73556
2757
80581
36597
25226
38633
4730
31373
88750
13935
66118
56296
6422
10414
79237
28327
92110
59430
86047
80889
6597
36895
17639
82966
50164
86543
25801
76968
16315
96147
99938
73504
70269
78406
6114
90863
2136
85439
94343
72883
68726
37646
68086
10897
23792
4814
90470
38422
19593
60872
34217
77071
86007
40574
39952
69060
12805
29826
54316
86771
62398
90047
32524
15843
40164
26491
877
35847
1231
29631
85070
53282
37875
87767
19523
83943
57065
14136
94460
2128
3239
92494
25879
19829
61425
14421
12876
44262
10936
24180
67011
71202
64517
50957
51537
58523
55835
91615
65014
89091
45388
64600
28249
49321
83496
38062
33881
90777
8443
53429
82316
2656
57443
65940
20925
14916
14274
41801
64357
22903
23055
47645
45821
96643
9759
57590
83676
97356
52447
21584
41621
68342
81129
39040
53618
66838
60689
39925
87869
72796
53720
59768
61543
40169
81359
12366
62447
36795
73983
9335
82390
31265
8152
4398
86428
88854
54132
93933
11229
70153
58986
13848
76862
55079
31022
8416
82975
15213
25013
25436
1871
64928
54153
12379
89207
37319
14634
44327
44796
13242
80855
4425
58343
69494
42218
97929
11218
3118
49451
2184
78915
3596
69713
30551
58204
13313
83609
55173
25117
48127
53506
75138
34790
70962
66973
94038
16362
26689
18124
91840
76497
35382
81164
64337
53127
28566
4807
19407
26851
11707
97874
97048
94692
8391
766
32415
43030
56147
58883
68500
38156
98341
40995
85395
60060
23825
16744
19033
74593
47013
88499
94268
33244
2977
67390
73943
43594
2490
83230
53497
89377
49590
32424
99882
14633
75366
68521
41552
96198
47918
95818
5967
3392
7855
73270
23815
85877
2392
17672
7168
70613
76364
63049
36791
53233
93710
23425
3320
59468
14476
36730
45770
67203
59536
91052
44766
50883
45572
90033
80397
86806
778
2967
8224
86656
67004
75884
14271
80265
31138
92314
83024
46775
97795
97134
31401
83997
7416
57879
47794
31300
6266
75485
91427
46061
42143
92308
66454
75528
67983
14334
16156
49052
36320
60733
71945
4821
66669
26854
98434
89574
87863
70346
4177
57598
9794
