8126
4164
8534
1861
5277
803
5435
7756
2544
3518
312
440
4630
8997
1825
1336
703
6309
6185
8255
5677
3834
2763
837
5083
8500
6095
7804
7668
7500
7688
1031
9521
6074
7735
6197
1404
1446
2623
6746
8855
4345
7601
1380
9503
6474
1421
8378
1587
3513
943
9809
4837
4380
4754
4872
3758
93
4614
8186
2257
8733
2441
5820
114
4187
3104
5558
1281
270
3642
2654
244
5358
8521
6778
8301
5392
4757
4196
8598
8796
2979
2836
8091
9838
6613
6592
4958
1930
7935
9055
3585
9273
8109
9459
9285
6638
8791
8348
3119
395
9577
188
7627
7420
4655
1938
3615
8544
3907
6477
2585
8853
8712
7715
2000
3014
8259
8384
5343
5541
1263
5187
2181
5476
6767
449
7966
9525
6840
1402
304
6823
6651
2405
6538
7432
9807
1505
8846
6303
445
6082
3045
8944
6378
8710
2910
6555
8993
7945
8204
4683
1189
3512
4745
6939
3487
4257
9885
1985
6484
8996
4545
4864
7595
2092
1791
1155
6934
9391
8429
6142
3917
4359
1984
5382
4870
5356
3171
9768
1188
8873
9475
3434
8281
4636
6539
8582
1269
8731
5958
9841
3537
224
2465
8316
4191
9002
1406
2942
5639
3310
7149
6414
3986
409
8836
8640
5266
3506
7391
8581
7850
2058
6471
1471
968
5013
6420
8701
4048
2778
4597
8974
2964
5040
5313
8989
1703
5690
3120
9365
1283
2302
2310
9192
960
9314
7536
4556
4908
4042
1805
6623
7820
550
4730
2031
8153
4172
5938
3685
2639
3954
5116
842
3836
3502
1594
3125
1033
9163
8959
6832
5315
8408
8300
7994
2247
7220
5772
7933
3677
3571
9050
3930
5312
9304
4578
6255
2200
7039
761
5235
3725
6461
8190
7035
177
7849
4966
2389
7005
1354
3978
7222
9382
67
919
9272
4115
8671
8607
6324
2985
6948
8427
4205
4377
5917
3345
2063
9796
1101
509
9685
7671
341
8677
7603
3967
5019
8559
6690
3137
3867
9691
4460
1493
9876
8127
154
4154
4331
1720
2086
2591
5644
6929
7416
9895
8810
3321
7726
8505
7787
396
5874
9612
4526
3316
4575
8373
4073
2333
7155
734
7036
7496
2473
2051
6807
5303
8251
2659
7860
7212
2140
1148
7380
2403
6958
7969
7518
6028
9438
6927
9417
1477
9541
8630
2281
2751
8657
3843
2274
3374
7896
6776
3605
3272
6077
1002
7920
4473
344
6658
1317
7772
5526
8628
5337
6768
8681
8541
7440
2498
139
178
2311
5271
9132
6660
72
1312
8609
618
1680
5795
2494
7626
6499
6512
1621
2888
7610
3053
822
8381
5648
2048
1738
5503
6756
170
1607
7172
349
2036
8171
3265
5703
2610
5074
3363
3269
9545
8108
5623
1323
4372
1514
8075
4666
1178
5596
1939
8097
8188
4497
2327
599
9673
3358
6943
9699
8589
3821
6636
8649
5474
1375
6045
8986
1771
4302
3505
730
6971
9945
9928
5146
8745
1067
8651
5015
1490
1137
632
9426
2720
7004
6354
4821
2502
2727
3251
5886
1951
2757
3308
9030
5880
7737
9182
8320
8400
8661
966
3022
3083
4564
7186
254
7279
9660
6750
2637
5020
5108
5412
2160
9651
9268
3096
4139
593
6016
4627
8261
935
9715
9624
4228
6668
3545
2442
6858
4213
5734
9144
1229
9628
578
4255
7353
1566
3939
2548
7792
8632
1020
1552
1324
241
8730
151
2941
3497
9251
1341
1934
6400
5804
7886
6128
9323
3864
6500
6664
9594
9296
5264
6772
6356
6033
9443
7102
9866
2742
1236
8070
2084
8061
8924
3441
8430
5267
7150
5393
7115
6737
5409
4040
6068
4534
1052
8313
901
4970
451
9101
725
2643
1868
3897
3034
5771
5661
8390
8002
3672
5577
8875
7707
7318
7120
3147
1108
5450
9152
6085
2513
3534
8507
2352
6151
1164
6984
8388
963
6439
2889
4898
700
6398
4003
8917
1041
6238
5678
6562
9266
3581
107
4445
2739
5002
3726
7840
9611
2440
3485
1082
7689
2421
9795
9785
5461
9458
5385
4051
9870
90
8786
9145
161
1777
7900
9329
2505
2687
1119
9208
6483
5643
5449
5964
2087
1162
4665
9306
8648
142
7878
7006
515
2765
1973
8674
6348
9057
2766
7526
3095
200
6566
9105
4739
9474
4894
2660
1302
6617
6155
6594
7560
4624
3893
2449
7350
8077
9572
698
9846
37
1251
5296
8990
4649
751
6372
923
1438
4248
5128
7251
3795
1820
758
1201
158
5972
8273
6670
6254
1249
374
3094
6810
3638
6110
5278
5151
3204
4274
3216
8972
3669
7718
2915
6011
2081
6966
1411
5200
8333
4291
3717
9174
7164
7180
6801
245
4188
4929
5180
8299
7613
6157
7034
7545
4166
8636
8399
8105
167
2180
7803
428
7543
7628
651
4536
694
7141
4397
4761
7788
4398
5424
2360
7919
8231
8532
5234
7889
5893
5290
4919
9681
7256
3515
9865
5138
4638
7673
7249
2880
9377
2700
8269
9625
279
2122
513
1794
7016
9724
2966
116
3857
4129
7992
9125
337
1554
971
7040
8288
3982
6422
59
7280
1195
6120
3503
7602
4733
9077
5552
9857
3566
2033
9107
8086
3796
7982
3801
6175
2794
9741
2119
7873
9609
4399
2229
4971
6150
1844
812
5361
5649
9295
7003
5452
2930
3803
9878
4083
2656
9299
2248
5010
1965
5322
3553
1980
6955
7407
7977
3522
6869
8423
8635
3731
9418
8843
3634
3259
9324
9082
3469
6076
2816
5692
9554
3590
3637
7470
3297
8350
5663
7521
6391
2339
944
4657
3963
5933
3526
1369
7623
7116
6005
9190
6847
3311
7499
7091
4422
5931
2306
7922
4468
8294
8234
7798
1223
2996
1776
3701
9842
8926
1296
2521
159
2153
5831
7246
1884
210
1784
7132
1028
3739
9367
1886
7810
443
9708
4998
4809
2818
8992
5560
6783
6923
4893
6873
5118
815
2557
9332
7766
8374
3769
4500
3700
7366
5553
6036
8941
4710
6736
4410
6560
1338
3678
8305
1724
9335
5957
8382
4969
7506
6577
942
8130
128
7058
8741
8489
9205
406
539
3288
498
