1085
4910
6083
5627
729
1526
3571
7845
1531
1631
1644
8490
9901
797
6212
6091
5489
2404
3213
6598
1918
9665
9093
457
6546
7731
6514
8058
9649
2085
194
7922
8352
3049
5968
9983
5638
2488
755
3013
7146
3624
3628
6541
7644
9367
2925
9351
1008
5306
2271
8212
6224
2453
3158
5503
7251
9048
3716
8485
7886
70
9626
2748
5986
7092
8163
3190
5063
9255
1964
5072
5234
7924
8996
7054
9198
1123
8139
2140
2796
235
553
3351
1854
7588
4326
9069
9444
8180
6892
7085
3566
1999
8303
5387
8846
8678
4872
4542
6245
4719
3026
8866
6594
9508
2919
682
4368
7674
5534
5741
6166
2413
5738
238
5806
9878
1347
342
8570
135
1541
5751
8657
186
550
6067
2444
6721
8240
1440
7544
2200
7569
9104
27
4371
8385
121
9948
2937
1007
5074
139
3044
6539
4116
5858
628
9815
9000
9542
2848
5457
8459
8916
8465
9799
9038
196
6325
931
4378
2582
7846
9802
3255
2665
8463
9283
6357
4794
8956
6030
9190
1383
9125
4470
5624
5047
9360
6947
6037
8836
6475
907
1488
5069
881
4006
8591
1092
8926
8372
9820
6615
6486
1859
2817
7136
5648
1622
1381
7973
2193
8796
1105
1849
7847
1462
6188
2298
57
3041
8363
6647
2926
3922
9230
7058
522
5861
4786
6363
8923
6293
1601
9327
9741
8913
7840
3737
9422
269
1356
5868
8298
9887
8383
6589
2179
1651
2096
7191
6747
31
6150
5812
2947
8221
6088
9304
3966
7295
8625
3972
584
6680
405
4328
3448
3112
838
1798
9225
7625
6352
9229
9996
4940
9560
5371
3725
9722
8063
8863
8270
9692
5620
7517
5227
5663
7591
975
9919
1564
5687
6847
1540
6600
5293
8666
8576
1943
2815
1194
4151
3370
7421
3366
7880
4264
1748
8768
3161
8933
8949
8621
4205
6207
9054
747
9776
9124
9449
2661
3066
3870
2361
868
6765
5863
3057
391
424
4909
8482
7873
7234
8843
542
6001
5596
1165
2470
1736
6833
2347
4758
1293
1270
9485
9200
8049
3805
4242
4505
7988
4641
308
5853
5145
2700
3761
4776
7472
2414
940
7159
4281
5399
4330
8027
5762
4892
9253
6491
7977
6579
3082
5698
7151
6215
6392
961
2394
3757
6360
2979
8762
7002
2141
1153
2409
3664
6290
4733
2688
2713
8830
844
6220
2056
1080
1876
6282
1259
2859
4228
3857
4157
6525
734
3803
7294
1040
7199
2198
4387
3203
5407
7968
3617
8651
7454
4259
8512
807
1987
3525
4088
6043
756
3154
1837
1575
7696
549
5973
81
4710
4201
4802
3673
8714
7316
5947
9061
5609
592
3105
4053
6655
6832
4656
1625
7892
504
9510
8447
7413
9822
2451
2630
3941
4889
7874
2949
7194
2933
9162
4038
6761
2973
7732
5870
6753
2331
7122
7223
4322
9786
1598
667
610
8711
8658
2678
7011
7386
6138
2461
7426
2793
8619
2184
118
7185
2063
2787
1568
5506
2405
4869
4476
2434
6339
9222
404
301
3650
3623
5236
2005
5112
9620
9942
8557
6560
4488
2040
6521
3980
7524
4169
4170
3252
7090
9269
7098
7944
9938
1528
9917
4701
7567
2466
4712
2644
6109
5463
2619
7305
5728
2191
422
4325
9584
406
5473
7970
2061
9928
9306
1708
6620
5969
8662
2742
3137
4417
5364
5945
7764
1862
2632
7347
8528
5533
2798
1737
3412
5661
8511
1574
2309
7877
2382
8545
1448
7152
6823
5511
8909
75
4331
6281
7020
9949
3138
2105
3963
773
7043
4885
447
4034
609
7308
864
7816
236
20
8051
5770
5617
604
8769
826
3503
771
8640
1175
9883
2092
4721
2319
2370
5519
2316
1969
4897
8814
4809
8515
1257
8374
1961
8460
8981
1266
3797
1199
1827
4603
3949
3368
5545
6822
4074
8908
1120
8419
3337
555
3384
2737
5084
7989
3168
2946
3556
292
5050
6577
9910
9443
2006
3990
6550
8818
3942
8264
9686
3939
4682
9433
1933
8128
2239
3479
1223
1385
5747
1883
9807
1364
277
3712
3789
1554
1617
1275
8595
3020
6813
659
9260
9275
4416
7350
1294
1183
3081
9361
5159
2535
2989
8646
4321
4846
965
3788
7132
2133
6472
5514
2041
2162
8271
8032
5572
5051
1571
2183
1579
430
9377
6168
5961
9354
3494
840
3043
1638
8437
5932
6108
1018
4071
8594
981
9264
1256
5340
1615
2829
8793
5914
768
5232
3548
1437
6104
4687
7184
5952
4573
2305
6305
9778
6251
5011
1633
9683
2103
6422
2480
9867
6265
8348
5384
1429
1895
7182
2126
3717
1942
7659
2609
5347
6906
2797
5459
7765
1401
5754
7996
7747
9645
9191
7951
9047
7114
9496
6389
7121
879
5631
7072
2924
7868
2869
691
2685
8841
7148
8242
117
2429
2753
5850
1842
6235
7627
8066
3853
5033
9081
249
9122
2819
692
9338
9966
3094
1814
1200
3330
4021
9693
1899
1873
3985
7415
1115
7348
7183
283
2380
7071
6724
1682
4007
4975
3400
8835
5847
5275
166
925
6568
251
7314
5582
3961
5124
1238
2604
7987
1783
9816
3611
4287
1068
6135
4974
5149
7554
6778
4941
4854
1928
2478
257
4016
1596
6512
690
8857
5988
1503
1693
1898
5797
6051
7548
9973
108
164
6461
452
1475
8969
4982
2181
7311
8957
6172
3062
9421
6752
9800
3619
7719
1345
7393
4997
1351
1483
9642
3916
7249
2240
2995
6667
6768
8833
9350
6213
7322
7145
5880
4998
1614
1636
7789
547
4392
1231
9454
694
1005
603
8137
3721
535
3802
4396
1038
6944
5195
7288
4316
9853
8878
5392
6642
9150
4046
6774
919
4115
1815
1578
6038
4428
8586
1695
7040
4215
3103
2477
6949
8741
8411
7333
6606
8469
7641
6740
9057
2326
16
7327
6691
4534
3974
7324
3275
1569
8106
6202
7441
1845
1049
9747
3113
5710
5948
2954
1835
9452
1775
2214
5731
1886
5048
804
4524
3083
3995
8261
4467
2978
2178
7318
5316
53
7562
8009
8728
8297
3008
700
6978
7189
2968
5008
260
4436
7399
660
9268
2043
7209
1354
3420
6204
8415
2156
4520
2621
3492
2297
6165
567
4705
803
7706
9666
1460
5190
381
273
1208
9970
8705
5851
8282
3562
6689
3827
5435
5891
6891
228
3282
2541
5303
7173
8258
1124
5238
9486
6020
9691
7252
5607
4297
6263
4176
7794
7344
7628
2843
4906
9945
1028
4100
7323
3902
5208
6353
222
1972
4921
1237
3048
3614
5358
4334
126
1803
9952
3826
1413
5958
9131
9953
2875
7409
972
4593
274
9082
2303
1702
4225
8377
7127
5468
3496
9056
5541
4110
3975
8065
3126
4466
9062
3133
8577
1920
3589
1545
8772
182
9968
957
1917
6526
6262
3371
6034
9552
5707
7505
9696
5959
8567
1953
5193
8174
9546
519
6981
9402
5658
1764
88
1013
4128
6096
7999
1297
5839
5939
9965
4756
3095
1667
1866
4131
8565
8755
1370
7875
4860
9792
4068
9663
5554
3031
503
363
2635
5781
776
3724
7821
4376
9638
4784
9477
3728
2279
6465
3005
7455
7160
7052
4177
9972
8691
3310
1497
9755
4109
5856
1292
4840
6943
8573
2346
538
293
2668
5265
2317
782
4844
3891
9780
5730
7933
2650
2219
1853
2792
2300
6314
3473
9202
6497
3452
3677
8269
9849
2046
7493
9002
286
4353
3521
3800
6370
5490
4427
3703
9501
5082
1906
3206
449
1017
6147
7774
50
634
9669
219
1268
3744
3195
860
8988
1186
432
3067
1004
8274
9395
6538
6878
3639
551
2542
1785
2383
5722
7545
9040
8210
6053
4136
2474
4163
6645
9022
4095
4052
4526
5977
6536
9556
3437
4540
5071
1552
4669
9314
8281
1474
3348
3775
5299
6686
4953
6704
1823
3602
9050
1098
5444
8120
106
2513
8598
5975
285
2082
2617
8945
1658
681
3538
6003
7128
8541
7646
2472
7710
2674
5854
6742
5449
6592
3146
2155
6087
6036
8811
1945
8643
3517
1246
5475
3466
8109
8819
7481
5341
9323
3564
4276
5905
1613
1228
8950
9641
2709
1704
1793
2188
8081
7296
7242
3854
1970
205
3719
6467
3325
4098
7107
5344
7829
7615
7782
5186
3705
8906
6432
8399
3957
1239
5161
7351
6070
8375
4772
1508
7668
1863
8891
2245
3554
7238
2020
9332
7335
7809
6901
3971
9251
2288
1461
5501
4388
6057
6604
5183
8192
850
168
3355
4503
7763
8237
5922
6122
5865
4820
9141
6885
4596
9280
1240
7810
8224
2322
7226
5819
7428
5151
7806
2606
7928
5909
7424
6228
6877
5899
2539
3390
2243
5314
5709
654
2730
3648
5872
8099
4675
4612
6984
8079
4711
3669
6875
2876
4991
679
2268
6005
1264
7338
7635
4944
5615
1491
8684
5422
1534
6059
9294
1422
3469
4437
7291
6933
3266
3876
2586
7769
5297
9299
3690
4657
8218
3608
3313
6415
3590
4978
2958
3198
7980
7896
8902
3979
3421
7727
1749
5290
5976
3911
2295
6658
1980
8989
7477
7320
8596
5259
4748
7139
648
102
95
7953
4887
272
5318
4337
7120
3825
1968
61
4798
6715
7985
4385
1691
7427
4770
3982
8609
7228
5910
9908
8813
693
9933
336
2557
4812
9119
7575
7532
8334
167
1116
1399
5164
5219
5135
4152
697
876
9844
9907
8781
2731
474
4689
9897
3121
8917
9586
8355
5967
8226
3375
328
8734
8067
5479
2669
5528
7075
3402
9375
3317
6838
7482
2499
3220
1744
4190
3532
197
9092
9643
4755
9472
2037
5067
4866
1261
4750
419
924
4360
8262
1272
8872
795
7620
107
6490
5454
1110
2173
7609
6400
4338
9086
1486
9719
4950
4741
8083
8538
5740
4522
9193
750
6637
2486
3465
1679
6669
1420
1358
3363
6487
8432
7144
5028
8031
2914
8108
2287
9194
740
6739
2377
5585
3670
5761
110
904
4045
4203
7878
483
6443
2427
9097
8809
1198
6573
2941
3318
5654
156
5831
2729
9582
818
4749
6169
9302
4501
3127
971
8997
7241
1825
5652
8036
6800
239
9144
1395
3522
4587
3565
3575
3644
8782
2902
4956
7667
414
175
7245
2251
4214
4826
7828
3297
4727
6062
5867
7832
2516
9111
8531
2122
7581
540
8812
2153
3175
5981
327
7204
6699
7807
2106
6132
829
2929
2757
35
786
2138
3738
520
485
2739
3023
6069
202
6052
1683
4643
1191
7142
7904
4822
3343
6909
2051
8632
6811
4918
8767
7422
92
2771
3162
8523
858
3954
7448
9922
8394
7780
6145
2705
8889
9580
9034
2033
2776
3163
5974
8387
733
894
296
6019
7811
9342
9647
5900
8288
7585
5162
6436
5225
6714
1373
1051
6198
582
5594
4308
215
5515
666
7134
6199
7662
9139
6614
511
8309
4785
5965
991
1609
3950
599
1014
2960
6904
7167
3411
7387
5434
3910
3880
7377
7869
3089
7315
2909
9788
2938
4290
5690
6628
4271
2841
4516
1012
1523
8486
2232
3262
9668
9995
2898
5848
1632
5353
9994
6181
8208
4890
5267
4704
9339
7778
3237
5262
2029
297
359
6523
1155
9766
2931
2108
7467
8230
9674
8540
1428
2994
3855
4234
340
2
8723
2012
2988
6681
8816
1729
7826
6159
3056
4902
6751
3782
7520
8422
805
9218
2672
6782
7264
145
2204
9743
3379
3029
7611
7709
7834
3820
4197
2821
9831
231
1706
6295
8087
9618
4375
9263
1843
4870
2524
2032
413
7760
5036
1365
7260
446
6980
4288
7480
5272
9487
7528
3504
1015
9708
9033
2254
5201
4924
5613
4663
704
1203
4166
8800
4728
8167
8114
1741
5414
9099
3840
1865
8534
3879
2911
7212
5065
8190
5901
9571
9247
331
2299
6563
3591
1058
8503
9785
1303
5623
280
5202
7598
1719
2696
3230
1162
3033
878
5255
3024
3967
6310
132
4251
7580
9096
5363
9163
2508
9426
4591
2842
9925
9035
7332
8076
9396
3578
5789
992
5132
7680
7343
6453
7605
1956
3072
4855
5368
9662
5474
5769
2957
353
4237
6074
5118
2799
9495
1305
4093
559
9274
4648
4708
8748
5169
3153
9379
5409
8537
707
5237
9720
3322
6480
