9125
4385
2609
1948
946
3392
8410
5508
4319
1146
5021
4924
32
8330
1951
5220
4730
5975
7669
2094
142
1468
119
5624
3673
8811
4010
9534
3150
1183
7890
8111
6613
4327
3878
2977
2771
3826
7667
5793
6875
3028
5978
6356
6949
167
1685
4429
1011
1339
7786
8491
5384
8933
6789
5603
4499
1344
7665
2924
19
7705
3412
2026
9129
9289
6301
7301
7957
1195
9490
8987
2934
737
7893
9844
9933
3984
4815
7577
9413
7997
610
3529
2717
590
6537
5334
1496
5229
4062
114
2557
2205
6263
827
7244
8084
8947
7228
109
7920
596
589
3651
1784
8788
6930
7982
7152
1912
9187
3421
3461
8259
6265
9232
5081
2732
2612
5206
9556
1727
5829
808
1315
8420
3659
8627
7723
7249
8815
5760
6717
5758
28
3471
4525
5135
664
236
1099
8494
9383
7090
2971
6749
1859
1768
1486
1991
8955
6726
216
5237
3804
9665
7955
7537
9552
8700
5082
6407
1812
5709
9797
7664
4755
9144
3259
594
418
5570
6141
2258
5036
3749
449
1311
2479
7236
1043
4264
9941
9368
1953
4699
8557
5599
8936
914
7610
3162
904
1133
9209
1798
2498
1955
9204
6246
732
4451
9873
4015
8766
9301
6022
9033
6071
4527
9414
5836
144
2800
7309
4183
9152
1476
3474
6137
9577
3254
1943
1937
2995
849
6933
2847
3246
4422
7343
5985
5880
2965
3400
8680
8250
8516
4367
3357
6755
1377
8848
5967
571
1731
7800
7133
6602
8538
5846
3740
6138
5171
9692
3630
8650
466
1175
4828
4810
1892
4390
3372
8312
937
7099
1927
3046
8305
4785
1853
1225
4857
3909
6106
8419
3914
9934
6732
8232
5801
7016
5889
4546
9328
1711
9253
3575
505
2281
5247
711
5146
9264
522
1424
6580
129
6899
7953
2351
8113
9078
3911
9121
9407
6348
4276
6200
8456
4986
4836
6805
4412
4369
7629
9995
7077
9442
7042
527
1122
9222
4395
3099
9802
2202
2396
7227
773
9515
8810
6786
9820
5440
1116
3473
4935
3524
108
5942
7729
4041
4124
4455
2388
6803
8574
3927
1931
8194
9814
5230
2265
1876
6482
3425
9275
801
9309
9969
3949
9235
8020
1331
5007
4291
29
6270
1156
2685
4110
2027
9477
680
8236
3543
7209
2677
4860
1157
5080
2577
978
2129
2919
9663
3210
6733
4963
1778
333
6975
8184
3729
3184
6228
6414
6895
5853
2064
631
1621
8467
8266
1963
9592
900
6408
3989
5990
8028
9091
8578
1765
4514
8877
3714
3037
700
1134
9422
6336
3200
1482
2630
3541
4303
9778
8002
9437
9294
4167
5933
1583
4148
6040
8322
1867
9539
4605
4827
8591
7517
2272
4681
1031
8032
5718
4210
6114
6984
3802
1944
2058
6956
9434
5519
408
8148
5333
8001
2917
8008
2392
7935
6461
2195
3033
6083
2430
813
4669
5510
6459
4200
7507
5576
4254
1926
8957
8159
7314
5023
3641
7446
8739
5976
5919
5221
7956
366
4022
9399
6858
3843
1775
9707
531
2743
3419
8168
9755
2813
1923
3294
1318
9010
8708
4500
7283
91
3888
8186
3079
1832
613
8793
6957
7179
3341
8822
3454
3334
2033
1051
4330
4374
3398
2341
4688
4733
4477
4693
2043
9636
2038
723
4188
5963
4265
2597
4169
3204
2224
4646
9175
8229
1415
288
8710
6304
3972
8435
3085
5986
4014
2608
2024
7407
472
4535
9369
1515
8844
2530
6342
3798
1666
7088
4784
421
3957
4780
8422
3353
3263
3042
8934
6565
7349
4138
7005
2236
5553
860
4114
8060
8490
2431
5473
1555
7904
8823
7036
4344
7772
2868
5161
3004
5285
1154
4157
4325
523
1823
2394
9763
8760
8783
2986
6226
9967
4170
9196
4863
7888
480
4750
9425
1854
1575
2101
6136
1913
4311
7719
4989
1868
1304
6362
8963
6312
5195
3601
9267
7219
3758
8939
7589
9043
1968
1230
5041
561
5554
1897
8928
7640
9866
6057
9966
7594
8301
7675
1779
3555
9726
1942
6629
6590
9271
4356
5617
371
7991
7422
8866
1240
7295
1816
1161
8883
1522
5109
10
6325
5318
7305
9484
312
6395
427
7400
7748
3840
1772
260
3280
3637
7221
2777
90
7740
909
6929
5462
718
5702
7200
3668
7609
9795
9915
6331
2731
7713
2510
3779
9497
342
9366
9239
2549
6068
3742
690
615
7271
3752
9355
4879
5930
6576
8777
1136
4871
8117
9133
5725
7078
1938
8767
8749
6558
6041
2832
2390
6338
160
2845
7106
4070
3861
5772
6388
5315
2511
7502
5518
2179
9285
5531
5263
6490
9590
8588
7733
1353
5287
3695
9625
1270
6793
4617
3158
887
6617
2119
4591
9876
4908
5264
7606
2379
8845
9211
8672
9212
9533
9779
5584
9913
4758
4622
1682
158
4059
1814
8131
7226
8951
6488
3846
1607
7632
4066
8391
6675
7777
2997
2186
3945
9508
5430
6859
5717
1884
8334
4741
1741
6339
7405
5028
8190
5395
4610
2753
3386
2361
9543
5734
7180
8449
8543
2550
2546
3975
159
2474
2455
3647
8026
818
9496
5597
5217
248
1510
9177
8741
6211
8611
9840
7277
5955
8465
9161
2733
2399
878
2319
1393
4189
2304
6195
778
88
7508
1202
3946
4145
324
9792
1359
9430
7162
2483
622
1489
166
9372
8141
5015
5659
2614
1578
638
6512
9386
8079
2028
2338
6248
2409
3604
303
4616
7891
3127
3528
8095
2762
1627
2484
5402
2890
6829
3207
9594
2089
4194
435
2897
1681
4543
1967
7389
2870
9181
5776
8729
3498
6055
4414
2350
4498
5301
5713
7531
7923
6015
9653
2249
3690
1185
6684
5404
5913
2905
1399
7471
2363
6622
8324
3345
6182
2069
6297
2230
4760
3570
1525
8601
331
1348
6370
3030
7910
986
3245
4587
2944
7253
5897
5856
9321
6993
5257
4240
3852
5127
6010
3040
2490
1550
7503
2274
7319
1940
4943
1983
8484
6989
5341
6863
7137
8836
9780
9734
9980
2444
9652
1713
6770
7278
9390
2831
9155
3959
6484
3206
9654
8897
8175
1889
6037
4620
6364
1839
7213
6471
6456
2707
7913
3065
6378
1516
1817
31
4212
4853
9607
8353
4416
6198
8384
4764
5001
7867
3567
5316
4294
688
724
3081
7318
8631
5828
1241
9207
6685
1594
4922
1835
8781
1508
8717
5304
2433
7832
8192
6788
1078
1061
5555
7884
6959
9393
4380
7645
434
9558
8892
4830
6808
7051
1256
3699
931
6664
7023
3620
2923
7686
2745
4131
4619
6907
6844
1400
2774
358
226
7025
1618
2692
4446
2981
9874
9658
3598
4467
7402
9605
4769
8525
9506
311
4372
1159
9276
4818
2160
2340
7511
6369
9826
2252
7636
5860
7993
2967
1332
7668
7889
1631
8289
9500
2695
3721
7535
8932
9789
6499
5638
8244
9679
7662
4315
3568
3681
1587
188
8253
2345
9405
8935
7677
6548
4904
3519
3841
2848
2311
5328
9012
49
7087
7995
5903
6892
894
6713
8698
3273
6289
1357
3773
3354
6706
7303
2491
2600
7254
4563
438
4716
3869
4809
7484
1988
9312
5784
5310
4088
3731
4407
7922
5817
3015
9845
6208
7570
3340
6747
1305
8999
6462
6760
9601
3527
3103
9754
196
644
1946
6180
6076
5938
1706
2432
954
5858
7858
3718
1419
8469
867
9493
6052
3319
120
9245
3433
9415
2295
9772
5344
3450
4177
6349
9502
8416
2789
1441
3410
1327
8598
4292
2556
5708
6623
952
6688
6067
6884
2829
4301
8792
4293
7094
1796
8614
767
1710
4159
2687
3875
6702
5317
9960
6295
3937
4197
1182
7600
4227
4389
5948
3073
2105
7673
5824
6204
8966
9431
2520
9540
2539
2207
863
1265
3617
2625
9202
3393
3712
7592
2806
2681
4869
6162
4003
7583
9143
1715
3864
6549
8297
5213
8274
6215
935
3274
380
653
8697
221
2523
4297
2627
7752
2080
6510
8537
4064
4718
495
2744
1449
796
9852
5491
7138
5093
7783
7037
3646
3789
8536
2565
8533
93
5126
9028
2192
1901
3725
1691
8238
239
9059
2440
5238
4163
7746
374
6077
2454
1234
5641
332
3416
5212
8497
7297
4324
1767
626
609
1745
7346
3611
9452
290
1307
6708
3382
4304
2648
3951
4512
7018
8444
9051
7649
6756
5999
5363
6093
7834
6176
7062
9077
4136
1782
191
4969
8049
2019
9338
5922
2127
9387
9944
982
3665
7483
9171
9885
3211
1414
6851
5476
8397
7522
6386
9996
6598
2173
2072
6752
6282
2911
875
864
4482
3902
2100
9545
2980
6515
5276
5250
9925
9241
3189
9130
8225
9313
7533
9719
4579
839
9950
5371
3633
5423
5373
4211
3672
9258
3835
3154
550
2538
9937
153
9426
4079
1974
6965
5687
3560
3304
9044
322
6467
539
2626
6169
8387
4770
3141
6156
3623
1641
7371
6085
6043
33
6824
9507
6524
9073
7169
5472
9984
2276
8528
5827
5305
4387
1514
5031
6618
7731
9376
2289
6517
2988
227
7201
7206
424
3225
3806
1543
4955
1673
1347
1291
3819
1224
6249
2587
9421
8256
2322
7550
4944
7006
4552
3296
2023
1057
4042
3905
45
1668
5647
7986
6970
5294
3139
8930
625
2629
771
3168
8656
7052
3043
430
3124
5215
6175
5754
5478
8425
2200
1054
4091
256
1093
5000
3500
8726
5151
595
7941
5878
4574
423
7233
2163
4562
3588
2465
3429
2149
5670
1535
838
4719
201
186
5387
4004
1911
3177
1501
5369
5216
4728
9727
357
8906
6250
2346
8542
5375
3981
27
7143
8854
3655
4667
752
5844
617
2380
7013
9273
4511
1184
7302
8991
3366
5655
8922
8011
3166
7849
4122
9349
6398
6927
755
284
895
731
2895
999
9046
219
4662
3058
4107
99
8733
7972
9381
2383
8470
1384
5167
9116
5855
9891
7546
4585
7195
1021
5332
3369
3547
2524
7680
8056
1976
7425
125
8354
6898
2044
2059
2900
5312
8291
759
2162
9331
9373
2655
2533
8176
8098
1334
105
6038
2201
3228
6172
7984
8114
4749
6163
1292
9948
5071
6889
6850
6458
242
6917
8318
3912
7177
9474
3097
1696
9103
7356
110
5543
460
4120
5736
6185
7611
1081
4840
2517
4061
3688
1491
5511
4583
9761
8609
7761
2953
313
7072
734
2617
3650
349
7039
4190
1820
7775
8919
1434
3936
3504
2948
5982
1725
7573
1687
9899
6714
2719
4405
8005
8332
1387
630
7171
5227
5037
4700
6593
8950
8171
6955
2736
695
2582
4983
6765
5862
2898
9115
43
698
6113
4489
8267
5805
6483
2871
9608
2120
3583
6561
719
6424
3159
3303
3502
7743
1411
5619
2316
991
5321
7185
7093
9954
8022
9949
3971
192
4448
2199
6450
6878
9329
2776
9244
7267
777
9696
9443
1285
2644
9260
885
3743
6948
141
6852
944
926
7118
1610
2164
807
6087
9261
6366
1658
6056
6787
3736
8691
7476
9322
4208
5696
2667
4250
9330
602
9228
1585
5833
1977
4508
3432
2071
9190
5610
3036
3405
8728
2859
9106
9757
7199
1805
9272
7159
614
4220
4655
7044
5552
9150
9748
4672
8127
8778
8268
3507
5847
3626
3360
7348
334
42
9283
8466
8797
6376
3041
5322
8057
4336
1819
9637
6234
8748
6024
5269
3014
8130
893
2032
8510
14
1008
3702
9867
7534
8150
3876
8692
8512
4171
5460
8565
7357
9070
5428
1100
4578
2825
8179
5769
6413
2894
5012
817
4112
8503
5141
9052
338
4166
4726
6110
747
843
7252
7735
9270
3677
3694
7432
8878
5105
4956
7126
2426
9279
7367
3193
73
8941
5027
5326
5660
4196
264
756
1203
4598
3321
7831
2076
8400
7619
3238
9185
1095
3766
6241
7207
9745
5469
996
6573
1197
8372
5924
4125
3612
95
3600
3247
8464
709
2605
5320
5019
735
3196
1471
3050
9163
1383
1542
7948
9715
1158
8856
6442
6620
7306
2269
3308
2941
3628
8920
40
3716
3205
9693
8821
9628
2122
2003
9111
9956
7205
7644
3783
6177
2930
8573
3330
4837
8834
3448
8340
5370
432
5820
906
3977
5400
4567
4971
6101
7712
5797
5403
7117
4052
8367
5567
8839
3860
3671
9907
6902
678
6206
7750
2864
9871
2668
7096
2661
4118
8622
5767
3268
3051
3095
74
2823
3258
3576
6920
5361
6772
4841
2130
6943
1965
5249
1825
6928
4135
3791
8540
689
9917
7985
8855
2563
5666
6867
580
7158
8563
8458
1181
3657
3297
7114
3138
930
7070
3645
1994
3460
3056
4806
2652
639
6306
9973
5246
7641
9079
6111
2631
8724
5766
4155
9041
8200
381
2522
5339
8633
4644
8160
3596
3571
103
5211
4213
2233
3698
7381
4186
2255
8576
4244
1018
924
1358
6925
9008
6305
2518
2343
2150
5239
7034
5338
6731
7338
2140
9075
5571
3854
2085
3153
1483
326
3087
1009
6405
6420
3047
5280
6481
7046
2227
4334
9324
2994
2299
7098
7175
4008
4634
2657
2145
6020
4128
6027
7927
4277
5233
3331
9470
3368
7375
1588
6551
2336
2452
262
7419
9248
1566
6659
1063
5705
5459
9731
848
6815
4233
9440
8479
118
4914
9687
1949
1037
2434
4082
8701
992
5812
5721
8753
9347
5286
8265
8754
6839
3792
1605
6213
7620
8901
9060
9604
6126
6127
9083
9076
9655
9785
4350
7586
2865
5043
721
7657
2947
3367
2123
8684
1651
1703
7874
9208
6739
1680
9553
6321
2996
4152
4105
1458
2131
8502
3913
3896
7218
8044
7308
6100
725
8896
9877
7168
6568
4255
8006
921
6272
1456
7655
3925
8995
9254
6443
4050
3636
3123
8943
9864
6134
274
7732
5265
3343
9034
520
7372
6400
2555
9810
7568
2784
2543
3064
7871
2301
988
9032
1013
1643
8993
8812
8890
8308
6000
5778
6104
3811
3191
7353
9438
1683
1087
4695
6754
872
8202
998
6171
6845
4993
9869
7163
3271
5578
4995
6624
7864
5008
4819
5625
2366
7144
3918
6382
8998
2799
1860
7833
2701
871
9013
3674
5799
8048
7591
939
8300
1177
889
3181
5529
9537
9205
6612
2387
2014
300
5646
9337
5587
6280
7411
4744
5657
2880
1365
666
7154
8100
2990
728
9193
5042
6667
7247
7872
4691
2862
1034
9809
9327
7335
8023
5886
4599
7697
5580
7524
4665
6311
8471
8051
4724
1231
5073
6239
1096
6616
7420
7270
566
3933
7513
9806
1917
4984
4221
3834
3579
6663
3669
6222
8989
6469
2858
760
8047
8417
2415
7472
6060
6075
9101
8984
7836
1475
3102
565
4021
9671
6734
1248
1870
9815
1272
8891
7653
4433
2802
6064
4829
54
5906
6053
1407
5882
6261
174
2464
3548
6363
4355
9848
2954
9979
5496
3610
3563
2901
4447
2175
6230
2699
6865
5068
7443
3923
115
9162
2477
4910
3863
9486
2684
2710
795
8961
7720
6716
7431
7599
3884
1533
4635
5902
8750
8310
4222
8240
2060
4982
5632
5426
4844
7279
2292
5756
1032
8273
4475
3486
5009
912
4643
72
2607
3174
2496
5890
6310
1380
3302
8648
3750
7648
4757
1129
5678
1891
6477
1676
8489
4384
9711
4252
3201
6849
479
7694
7322
548
3293
9744
4005
9293
1684
4423
7032
8212
9618
4911
5417
1088
3381
1910
6034
4856
9568
6861
7710
6397
2547
7332
140
5566
9683
7242
5739
8982
6701
3741
2818
575
7835
2643
5818
5996
3443
62
5795
5048
6603
5550
5673
1379
5204
5676
7251
4846
542
6764
5505
5564
1750
2034
3685
9846
5094
6952
1664
3105
1257
8664
8245
6235
3881
581
8859
3910
1554
2883
9593
4510
4939
2926
7799
6232
5092
6835
2115
7798
225
2307
4715
5356
3192
6317
5324
5939
220
8509
272
8651
1160
6972
5272
2860
7672
3656
546
6535
7191
3361
6016
8121
2296
7415
7656
2662
8235
2526
6096
7844
5644
1462
6224
3481
5325
6799
3112
4796
1169
2211
5396
9706
4270
6392
7701
9994
5527
3350
4637
8981
9900
6572
8411
8215
7747
464
146
4687
6681
7689
329
1518
64
1886
4361
5786
4867
6802
9583
2790
8508
9819
8689
1324
983
1350
7451
5297
8661
1351
8532
4541
5577
5076
3719
1220
4820
6419
2659
3424
7506
4268
5465
9622
3090
6252
3602
5706
8440
9602
8307
6588
5748
1921
52
8248
1454
9436
9854
5114
8871
7674
8474
7520
2737
3016
1984
5004
6352
1232
9764
3451
9074
9892
3376
6720
9824
1774
7493
2678
7724
9689
4056
5916
2899
4580
9151
7494
7358
6143
2277
9229
9799
6694
1130
2515
6779
5259
2128
8292
4160
9530
41
7426
1947
4649
5865
106
7430
7130
1259
5749
2653
1488
2425
8911
3244
1006
1760
1999
1526
5484
4271
1352
2134
2508
8581
6759
3213
69
5183
4075
1707
6974
6653
6197
4513
8136
2214
9358
8018
7949
6587
5307
1033
6673
3332
5025
4047
6495
6283
5193
1258
6014
2005
6991
8252
9423
8740
8315
2942
8674
7553
232
8336
7977
4126
2231
582
8439
7111
1127
4087
888
6066
5157
440
3929
6550
5232
3221
2568
5200
7027
9522
3261
7838
3632
9335
9976
1959
39
7587
8853
5106
4404
2978
1705
3142
319
1106
6611
2398
2344
7449
217
3493
4882
6790
83
6470
457
3446
8379
1877
7160
9835
3025
7462
3032
2634
2141
3982
832
619
9065
1473
5065
4698
2213
6871
3241
4397
4223
6946
8382
9998
4378
5168
6389
8316
3477
3224
5711
6736
6730
674
9165
2773
8016
9870
8736
7055
9311
6322
8294
1028
758
7588
8475
9266
9782
9659
1619
3484
6192
7434
1171
4288
8007
2791
655
4081
3190
3999
5300
6196
124
7132
4100
9401
6721
6384
7102
3129
6332
833
9251
1559
2763
7681
3485
627
4885
7468
8865
6607
4283
2017
9485
9427
1022
7966
2369
820
972
390
7340
8607
8269
4842
9527
2485
2182
3240
6446
6728
532
1836
6869
9904
1120
7618
8492
7802
193
959
1323
7438
213
7728
2020
7009
9640
7840
3121
4368
8209
7622
1490
1630
9230
5159
4032
8985
4275
7212
1194
5909
2828
7660
5595
4833
1881
9514
1841
7933
4859
6089
7702
6444
4341
3983
6807
3812
4001
8918
535
1611
7663
917
4794
5729
4953
6403
8685
5242
7766
9674
7885
8908
3931
9026
3329
3136
3384
4923
3682
3034
9776
5849
9710
2305
7661
1986
3895
3265
281
6872
740
9817
6532
8751
2378
4481
9872
1263
7964
3071
82
6778
2928
7258
2561
514
4488
553
5421
969
9555
5296
8037
6039
364
9894
9576
2261
2445
2144
2450
1874
1142
310
1439
4097
2457
2381
2031
4377
5944
7174
2931
4507
9189
5268
4115
1808
3956
9085
116
7987
4024
6994
3558
934
6823
2451
5225
465
413
9930
3970
8665
2270
7718
4821
7931
4898
3312
6425
6468
8617
1072
3466
8758
5393
9263
4874
2803
6266
1437
9104
1698
5783
8083
5643
9385
5825
7000
86
9094
8658
5298
5444
8234
2204
951
9220
9159
1276
5598
3569
8744
1873
6218
1314
9081
7035
2545
7813
9462
8808
9701
9863
4314
9300
7510
819
1893
2656
8517
1192
4659
9999
4881
4920
9420
5777
3715
3122
228
9895
1598
8122
2370
2794
6527
2569
101
6374
2562
1964
1421
2527
4931
5291
4094
6416
6818
2854
9333
2097
2566
7842
282
4452
7539
5419
3499
7988
646
6905
5367
5070
1083
5852
9670
8786
7065
9061
8862
8505
37
7898
3075
3307
2516
6763
3652
8967
4353
63
9705
1207
5228
4147
7003
2596
4045
4968
78
8816
6893
641
2063
869
4575
9738
289
296
4492
8321
431
237
3508
6314
6417
2824
6719
3566
5365
1548
3757
7125
1201
8709
4801
5875
1973
484
9682
8463
1573
6147
7354
5147
884
8864
6750
443
2918
230
8373
6990
882
9024
7541
2093
6980
4248
4099
2974
7501
8683
3391
9610
294
4734
1098
3057
396
4317
2106
5142
6094
9343
4549
2952
784
715
9210
8389
1656
7921
6631
4803
7757
1639
7491
2482
3711
6427
7755
6319
4783
8073
1544
8298
9199
2287
7299
1915
3616
5521
9509
2079
5355
1918
8642
5357
8031
4129
2006
359
5726
5461
5306
5432
7981
881
4388
4501
7880
5980
3648
9142
4975
8323
9586
8493
8369
5331
2754
3007
9957
4437
7790
399
8172
7020
9740
7741
347
1638
6433
1733
9953
6610
1416
9838
4752
6069
1729
5561
1678
454
8104
9450
4608
3237
321
5813
7875
8813
3516
8833
4850
7593
8597
6122
1500
3639
474
3940
5912
3496
3497
3020
3222
9883
7350
5588
1748
5981
8875
439
5989
2680
4721
6838
4701
7585
5429
5569
2755
7626
1553
6586
8448
9176
9524
5366
1166
2512
8940
7574
2171
4067
5179
4449
2541
6396
6139
1644
6988
5780
2000
1759
2697
2139
1699
624
8220
7122
5991
8163
5667
5504
6026
8145
3621
9529
5677
6031
8657
1861
816
9694
6794
1447
3480
5164
2795
1213
1497
3954
3418
9573
2636
9972
3510
3445
7805
1670
1787
2203
9600
6300
8723
6751
1649
5923
932
5408
3441
6912
4650
2222
1632
6412
916
1781
4410
7470
8712
6533
5867
3100
3458
4822
9630
6657
4690
9256
8173
5401
8228
8429
9047
7607
6394
6105
1216
419
8350
9580
7153
1004
4753
343
5274
7128
9516
2013
77
1143
6671
9223
2385
8325
3409
1742
1674
6609
24
5707
17
164
5757
6526
6157
6399
4427
7293
3660
9304
1024
8409
4048
1066
2104
7975
8954
4674
3662
8851
898
6117
6207
6448
6042
3722
5452
3380
7863
8580
4977
554
1124
1872
2528
199
1850
2285
6181
1309
9067
4049
3282
7616
3859
3264
2328
6854
7198
7248
9395
3323
7188
1275
9713
672
1642
4044
8869
1985
1882
8396
5205
5727
1269
5406
5493
1200
4628
5533
7038
2422
618
5391
2402
7515
1429
7373
7737
4089
2893
8270
3388
2332
6995
5162
1801
2405
957
2189
265
9160
7854
7543
9991
1648
6145
6605
1753
4174
7561
3839
6081
1187
8618
5180
1941
1274
4119
6559
4709
9697
6762
9657
628
6931
6821
1362
2604
1695
7549
8526
8910
7946
3746
2817
1302
8139
6422
111
4916
5138
3131
9669
1905
4069
483
993
8566
5866
200
7698
268
2509
9841
4267
9759
9346
9790
4727
1219
5040
2183
7429
4234
6743
5964
2940
8486
1747
675
4058
9068
7450
4176
4673
3831
4383
9071
809
4883
1730
2302
2424
2472
9357
3115
403
259
8603
4961
1865
8846
5441
4864
5774
4187
7717
7679
487
1284
7064
2603
2645
3801
8962
9371
3249
6922
8924
1936
4376
7231
7409
1465
9801
8670
7860
8286
1700
7971
7602
4471
2937
5108
9498
5283
692
5523
4556
7359
176
6454
1846
6540
5163
2407
1900
1297
7853
9839
3455
3378
1987
4903
3098
1803
9236
429
528
7932
6350
297
6276
9262
9769
135
6330
9097
7974
1728
9136
3487
525
1993
3734
8831
247
7862
8636
4113
4011
4453
3468
6547
4443
9195
8180
7262
9255
6571
8061
9132
8501
1417
6909
53
9167
4789
3198
1450
9992
5158
3152
9310
4379
8423
8551
5918
5439
8487
1780
2852
2877
6497
6199
4415
6644
8237
8693
98
2306
588
6692
6116
7142
9334
5446
8275
3286
3203
4775
1107
163
185
8454
4460
2519
1376
5327
5060
9528
1375
4732
8600
8481
187
5575
4530
2615
6313
2053
4776
8572
8096
764
6049
2887
4409
8357
5243
8937
9834
4560
3076
5235
8727
9206
7315
6480
4739
6891
5112
1179
5675
2693
1723
4218
6129
6862
3952
1762
451
4108
8383
1176
3916
6614
1452
5104
195
634
6670
3591
3094
8974
7156
8506
3824
1
8025
4084
6583
7436
7554
7970
1661
7621
205
2112
9596
5928
6523
1300
1366
1047
9690
6661
3017
4861
7628
7458
1385
4791
2709
3305
2696
2191
7150
4381
955
8747
3832
3467
7424
7250
7967
1368
6108
3883
7564
5591
6302
7902
4558
8569
5342
8716
7504
6822
5145
6337
6159
3745
3501
6007
517
8241
255
6227
437
5410
1235
5177
3208
3209
3160
8412
637
716
2158
1053
4603
8282
6834
9627
647
6660
1626
5728
529
7839
7812
4253
736
8820
5520
3078
6375
1669
9828
964
2228
4614
1761
1250
8737
8043
7457
676
584
