96912
39754
83072
7807
96189
35087
58857
47875
33880
65147
47601
32118
88274
26100
13141
27418
52000
97718
54484
85993
53873
96230
864
4317
77960
36686
81918
555
55932
21808
35380
13818
46729
54194
18952
29836
74486
35554
2887
28261
15350
38083
11344
42768
65030
91359
8963
69919
9141
21340
75781
5522
81789
35937
25381
49466
43162
35827
18259
49758
64696
48540
8759
32339
80601
50694
3684
53206
70293
69904
70207
20612
1498
84421
51328
22211
24236
9698
2212
72428
38273
31472
38027
22764
13234
64715
76327
38331
41737
73863
33980
64055
69780
50152
89530
51788
15857
26910
50873
86184
509
21730
75012
77771
91927
44240
77072
95533
32093
78663
32915
77462
15717
6082
46825
88196
87100
67365
20191
98206
3484
7479
38403
36695
36256
89069
84332
421
20919
45211
5687
67471
37048
7995
15702
29092
77283
51387
78446
35769
99401
32996
63999
63728
18771
65742
23141
60684
9782
10233
19744
5984
69331
41207
33294
41901
54437
706
48983
93772
44808
46554
25902
30510
80104
63952
96861
98741
12144
3717
27949
51354
47887
72556
51954
88441
94284
13369
32064
5666
26560
99050
71708
47173
22348
85049
1696
97223
69744
30507
48194
18351
82892
74407
54366
8984
50123
64890
39072
72476
48954
12953
8617
42581
63433
58192
99157
72812
10897
21827
49189
38958
9219
13568
74902
11594
74636
50285
94677
68295
47330
78542
93401
70969
34642
62030
93181
68743
50211
84882
39091
56539
70691
68926
23740
25928
65968
62457
6208
49030
77146
39512
90793
54272
38045
66615
80935
8846
73392
84904
71055
30644
94439
73505
64639
59707
20539
16850
16980
29687
39307
64695
39948
72573
96662
62919
95196
23685
17834
68427
889
70700
68092
21097
45322
23714
97393
41818
31977
2432
75831
1408
63140
19448
90241
77391
20468
76139
63791
24764
80426
54651
61684
15842
90132
14796
26749
29847
27666
34818
81633
41487
45959
18936
46677
25395
68124
6695
4409
50305
37546
4820
89657
32719
81361
53235
37811
56163
71088
53958
2423
49645
26099
45484
13264
98167
41318
17238
54558
33697
39081
8104
66964
89370
24389
84594
1366
50929
2190
35556
98423
51630
54996
33963
7301
90126
18515
72351
69873
21882
12029
5871
1107
35615
38165
31656
27909
33782
53169
2084
5264
52914
35141
77449
30258
34890
28597
82483
8777
17595
48174
31685
39837
57654
57269
31048
73444
18686
96327
36323
55258
27523
34601
58321
98429
25405
43248
36860
76936
14098
57943
38060
72795
27293
23191
54505
70338
58435
63783
56964
35891
86154
53692
59725
90465
82203
42642
60897
86051
22427
49016
20326
93939
38953
86054
96889
3515
92250
32009
29603
3976
72162
48221
77198
27244
84146
1488
26690
11703
20237
71629
18001
3586
76249
33328
20156
56266
70122
32743
32972
29232
25920
80076
40728
17134
92629
42277
76859
75367
27775
15676
74210
28483
78089
29837
49859
20103
61495
78969
21508
46009
31337
59593
68337
71981
89124
7117
54775
58146
20795
57964
16352
34512
77053
52581
12552
32178
49931
83668
24256
87404
79394
59825
50324
35182
74060
54662
89721
32622
12773
60393
22532
96826
33068
95711
16893
80987
71217
22806
49363
25641
92120
40583
79943
50170
52182
68057
94432
53030
72150
86559
96763
79902
85253
5023
78457
32402
89086
25670
53460
83969
41726
11906
26887
76992
36391
92526
76237
53254
70537
64558
66199
76795
63137
49353
47237
19076
52203
92186
40513
22821
61558
86506
46375
12889
51320
30471
56400
61155
37052
18173
85119
77932
62966
37422
88120
29053
93746
33137
86021
90139
70900
77641
99659
85811
54621
92954
18698
43881
36290
81709
64966
70531
25141
1527
9226
21487
73910
3645
33101
12384
73432
86677
66605
30326
61409
21464
67623
58816
22755
69616
77654
75516
6470
34364
77781
66295
26437
42803
54987
18108
54032
81652
50968
12857
35674
30559
55375
44496
95922
7803
24029
32003
14668
63602
9439
76946
76745
76126
26474
63872
1231
31613
85963
93431
42764
28580
52679
3818
39602
96766
13713
97188
13487
81120
63406
91416
20835
48434
98733
36551
85865
27657
78026
48160
59967
49463
7887
89049
87873
72978
57371
71772
13484
86592
29529
38178
39332
96177
86343
83155
88770
84539
53013
74552
93631
54223
26129
17783
36316
20854
17225
46831
56502
97596
82406
31914
64063
3948
85466
10727
83861
40386
23826
81912
62544
1623
43769
43193
56113
97637
30105
66890
12232
98370
74605
37471
33626
78604
83184
85282
34712
4896
71518
81506
68478
36917
65215
30870
47945
21040
87609
33977
64064
77986
75161
61041
55121
94818
91490
90965
66323
49795
33334
7427
90194
76016
43947
26473
62410
64644
22541
73597
2911
5312
56103
3800
20533
91119
55009
95144
22704
77397
4331
43780
29138
28624
48001
52798
72652
12247
29408
21853
66956
82370
67508
18883
48620
83125
27571
49009
49573
61512
69602
73029
2194
12794
77533
27189
24788
55497
88522
84412
33221
94280
66856
4808
75942
95230
24866
12852
3507
77411
67846
67730
48452
93416
18749
81953
43574
68751
28067
9597
27679
50847
86811
13478
14894
79745
7909
86609
42080
21646
51491
23951
56290
88001
16140
61109
31741
1082
72447
38540
48169
39848
21798
18249
31295
78589
58561
13307
73110
55235
73149
59401
21071
33657
66734
58492
69913
95708
71339
79186
86644
81093
20579
87243
22251
89222
83272
59100
37723
55196
77663
53578
14097
25224
73406
25044
630
4631
22807
81104
70807
39877
22493
39575
50843
37726
52421
59048
90032
91985
66931
12585
21084
5609
41005
30571
50988
25557
91085
71222
93886
44138
38686
61982
275
39516
37067
56714
55670
43199
11882
41415
68699
82959
95454
45847
20358
76980
67651
45773
83271
33476
16646
31405
12922
77463
23681
50786
13750
38323
39262
8581
88116
51647
93540
62848
41957
92196
91093
86311
21715
46452
8628
87439
47035
75409
29402
11056
45128
2095
90461
71663
30396
70387
74345
5218
95355
39488
29943
43042
25241
64591
57038
86118
44266
3167
84120
47700
94054
2458
76643
72848
52921
54319
91371
15256
67625
78032
94996
23663
61507
8575
64372
63335
52960
31789
14423
47662
65131
43017
7218
9886
76945
23741
90926
76396
78619
7198
48582
761
77632
27519
92611
79483
5237
38799
46757
71328
53217
57676
18993
27669
5907
89205
96271
67140
94898
93963
90015
13581
78504
96897
39056
67225
229
8132
6485
53876
89282
94324
57083
40126
29710
55619
75325
37517
75847
67910
20485
20496
49405
83996
94120
53354
39304
72158
1255
38071
60948
96812
62483
21217
92266
26299
25340
89573
38776
46992
43289
91936
31176
29580
7193
96391
22373
30590
36055
30023
28330
91477
51168
28334
15603
99084
24496
11281
44604
30522
18039
90022
7030
73611
47913
55697
84477
89253
68961
68777
30009
58458
94142
29241
7074
52165
92655
97784
32350
81146
85708
30712
85978
54618
34980
39792
53017
21922
60868
59523
86896
85360
47653
86322
21272
56345
62243
15493
99723
80406
56082
85230
48463
99390
3893
16331
76094
9859
43306
63448
21348
63479
92633
33768
15885
26913
97445
54895
96908
42939
99234
84532
32582
24416
48164
90810
6340
81255
16876
29215
66666
56314
5884
43610
34720
3540
2965
26598
12173
23466
51643
50073
97589
80741
52348
9513
9713
82360
75690
34154
57699
84153
59682
97802
57925
39362
18296
51888
24574
40370
91753
83279
90851
67594
15201
58090
87216
87602
28289
72907
7999
44464
23598
68397
33242
19171
95763
4044
82970
12597
67810
23416
71092
76840
1338
43010
86248
33627
24533
88955
29345
93662
57210
76351
26360
7476
59337
59469
69857
28386
65808
97588
83799
89340
31555
85221
75014
733
44847
99827
19257
53079
72317
19939
51620
24722
76066
98540
75687
54834
90950
31568
51242
59187
25385
39457
13027
8633
30448
22815
20699
79595
51791
22767
46927
56396
39528
22628
77330
50404
1349
11357
93976
89295
22066
44518
34853
33518
86694
30725
42188
85094
29287
9987
59167
13018
49068
92467
28804
74304
66193
75207
64759
16937
36231
63593
12287
760
38691
8164
20599
87245
88043
56106
75353
16096
42603
22051
74403
85137
87576
157
5106
79269
3949
81328
73599
71641
88540
13068
31153
96076
61894
85513
77437
88439
58314
44838
90650
6759
68098
34627
50360
99148
45377
74080
9308
95434
13956
71038
72008
75530
33862
60982
12545
60640
52545
42085
18871
62566
26045
93864
80770
170
11626
70486
25271
95462
56562
63503
11767
60560
71255
85079
29795
64730
31174
37679
47067
94993
79374
68324
71466
21079
22224
63310
42872
64791
53057
6438
43361
17489
53430
16394
98058
903
71134
12733
36363
36195
49018
16338
30101
32395
47481
51222
23326
4696
38754
66902
96117
67045
84473
95214
58416
99385
51561
20563
48538
18132
19849
12468
3249
927
57115
30716
95345
69858
14823
85370
49058
19798
27360
85817
96445
7783
75706
42107
32660
42002
44726
39681
20889
90294
83226
44234
7544
41582
94413
34099
15354
92494
17360
43665
33772
42399
8287
95503
59861
78045
73070
12690
7189
36693
83586
70540
68494
22805
82122
22006
7833
78106
25357
44024
60026
40957
89942
40783
42517
42204
19743
77906
85677
44630
85503
26446
97368
36367
7981
44142
6755
53865
49388
47334
73545
26397
92687
73139
85244
27497
39752
17044
40839
21403
18349
90872
51799
94868
85266
87756
19182
56580
46923
29165
27180
133
50130
53467
1382
57838
27977
30732
45452
19609
36031
78088
36355
88056
79796
45668
58804
72714
16013
74230
21988
10553
67370
93830
25815
39821
37410
36971
40401
41330
62433
7879
33859
95497
79611
67063
31032
22695
17099
23999
43144
5465
55259
77166
14287
22594
62651
31370
70031
70125
32035
19134
35128
11898
17688
29393
34809
79535
47508
81284
41607
94115
43649
84674
14394
83171
66914
44550
38738
43496
39611
57951
15418
65420
7109
1832
96324
32695
79367
51006
21840
44731
30829
33154
19801
17880
57870
69071
26006
93500
40805
45462
24838
8024
46949
10208
11173
58721
13526
40490
84278
59977
49744
80041
92674
87599
82796
84692
76752
97513
18416
91804
74254
23342
925
24641
38541
72849
25085
61446
54831
92366
7270
87735
75740
80810
40587
51734
40215
40054
88079
66004
45926
79255
44974
25913
45683
43512
19563
92616
97966
51920
69979
94950
79084
21891
67799
4033
55317
56863
19111
36402
7103
49493
92106
13825
57187
64385
92673
14399
6869
32088
45866
52906
23403
92216
76735
50809
89616
25236
72939
32496
91510
80471
65948
61628
90722
54135
55285
7843
25607
39082
25888
51215
35563
46516
9669
4596
51594
53327
82064
62998
99839
76356
47690
17515
44219
63111
82871
29941
93042
49450
36790
49637
866
30222
99310
93614
80906
88952
60441
40819
71411
39647
81221
74031
29206
60578
83401
96859
49546
80090
6443
82282
68034
93199
38991
7268
48486
61485
89327
8350
94017
14420
99992
53248
30408
4752
71551
41979
59408
52934
42574
14449
22411
7331
42241
98592
51833
87454
99205
62686
15376
17104
32910
69193
47180
35762
54937
1856
27120
71820
65501
21720
79076
82697
33970
84902
73738
36687
5474
88855
69940
70239
58712
58495
36246
68181
37370
66459
98402
67185
5974
24913
52234
98632
9654
22904
93495
87903
86922
72761
40116
35246
75948
35995
82477
92325
37599
15398
52317
81745
59019
3943
74728
57421
73084
51632
81238
56769
6323
4925
82793
25337
31137
77652
97779
37173
81272
92254
23155
97974
42059
48114
98975
47944
92790
4549
85760
61074
76278
62590
74905
67076
77469
39177
49299
59592
88885
9820
98970
99326
57968
1772
35701
57124
15309
69495
37063
59322
44598
22658
21275
53883
36604
40931
37037
48216
25834
59209
7640
77823
39391
85054
44827
12892
47914
7236
77939
91207
87024
84384
35278
97896
93459
29257
22491
44226
1889
95052
23519
68122
4107
47500
18573
672
9679
83790
40820
6633
36296
18816
24653
25484
59595
68354
31641
79542
62816
55012
29568
35608
64470
22171
30152
77295
30480
98285
56324
86684
55806
30261
24822
36556
65518
98381
89174
4694
2054
84656
93302
36027
68148
28313
39458
83310
73567
91723
49898
32065
97656
76658
56477
99615
73332
84994
92976
90260
66650
73268
72467
48665
10717
61167
57821
20102
54881
44707
41709
44243
13594
12006
87515
87762
20818
76215
3477
62860
81220
58247
9800
70570
59058
80560
19228
66164
79889
98746
16476
89539
17511
28244
49188
9945
30240
58965
54839
7249
94164
90937
78756
79205
2443
3572
98686
80834
58011
13895
93306
95191
63128
24840
70286
56438
68410
51433
2818
76224
22517
40527
2501
41051
86020
88829
98972
33384
95371
8684
57152
92777
10715
65139
82217
42375
53960
19983
60234
52149
97212
89784
72963
80387
51598
17912
68484
75480
7757
71118
98752
26331
26895
80489
55654
31630
64656
20521
11042
85628
73383
31731
41525
718
45460
25440
92672
7258
92108
68143
92048
15210
54448
26227
43132
54095
93795
76053
91970
94960
48028
29330
95967
63153
5415
486
10866
38843
50242
33898
48979
66397
55878
99960
16748
25835
1760
24222
66026
3053
40528
50279
88068
48581
21621
4091
98912
61467
90804
22638
58690
20705
71579
77618
53462
60161
584
22334
31947
37780
90909
69786
8810
40596
51074
86105
89921
54828
598
10156
66481
17192
5946
42522
48533
84526
91245
55665
53288
96043
58714
42837
67327
60250
10741
55880
92349
88710
17553
85289
7966
32441
80151
11614
1485
65287
92288
39312
4003
59754
17284
73421
12694
75193
99237
11255
71597
36410
9471
17905
92561
63039
1746
78222
29558
99006
17581
43959
72832
15208
1682
76957
24272
87222
60769
64979
25438
20254
93053
47313
3919
33676
18394
47955
11317
78783
85759
58956
99410
6620
95328
99477
6468
84794
83246
39167
50633
91878
65417
21712
15523
42565
99511
67614
40868
17962
90125
86395
92818
38372
68906
47788
36161
64688
74845
9017
27432
15011
70252
37782
19578
33462
23713
40213
16045
92554
88190
52773
7149
28558
91939
34794
45166
10512
3155
3379
29063
98123
34355
15776
89694
7458
70606
91336
94617
54123
90524
71338
69173
67630
45100
63573
59216
34012
70416
39196
85392
47107
25474
44639
6913
91982
52092
28584
9028
79878
36582
7609
25383
45757
76870
99583
70441
56835
66119
19781
35537
68726
95131
28651
14333
67898
29278
64741
73638
38697
19202
10292
88128
99764
49832
5226
46866
55688
92512
34711
90173
64286
40739
61069
84444
60283
98130
31438
41801
67802
29221
15624
63319
24596
66748
14124
73193
92074
54961
43449
84484
98799
56403
46223
82407
51144
61572
7122
7032
91154
28094
2041
55440
99193
53083
62999
1480
11045
11671
85976
97963
12677
51002
25956
72328
84080
34500
89475
11399
78196
88430
87310
96030
33155
61
75360
9824
51037
35159
15452
71412
32533
26552
25741
39803
2440
37509
73592
15732
88200
5576
52947
16788
78514
6182
54375
30094
117
44941
33541
48857
60725
68299
43296
4381
38881
5399
65339
85489
40653
94451
20079
38657
17162
43437
26877
83897
56653
49847
28813
46649
15696
84167
53880
89123
96710
73750
83752
37336
50120
99211
63211
47256
12273
29036
27739
5262
39744
85462
58415
74803
80751
31345
66958
14313
72651
24068
58141
18812
20047
64508
31195
9268
68008
57787
97129
58363
2996
1845
91661
29538
25420
16114
10913
94321
20757
96757
23970
36151
411
55956
37990
77689
3543
83989
71751
68723
51467
73466
13180
17631
80823
72897
84254
10694
8456
29955
79176
45555
26521
15173
86611
92622
47717
87115
20366
3069
31527
49786
4335
2867
49327
69325
15052
83189
82101
8840
82095
32822
85885
17699
18872
95802
62006
51615
923
42142
16079
9662
17998
71427
42737
41188
61402
17814
7614
799
82103
97
19233
33523
73842
9395
53792
98906
83144
57207
32874
84430
64658
24077
65683
71713
5456
18029
14730
5725
78728
19498
47638
71389
73239
77711
84658
95873
54001
66080
2357
54997
31212
80524
72600
93635
72567
17468
74618
98963
87890
7619
47980
99202
13681
70010
1874
7621
81231
35361
22994
42444
37683
94518
62694
59899
6686
81118
67426
87715
80843
82223
87807
9559
97087
8529
61707
14483
93230
16309
6864
7423
71513
53734
95376
42686
60973
35234
67525
5572
84249
85884
78606
55612
20735
62945
47803
79727
98430
31034
42385
2409
7391
86449
35342
48097
36127
36514
75494
98477
50327
17633
99893
30252
14445
74127
9778
36044
30158
69109
39656
45624
85875
68438
79463
641
59265
75723
53121
64414
13467
14648
74689
27029
39496
94247
83496
50921
33719
53742
16564
78141
38844
16384
66618
51231
56985
97143
54501
24171
58466
25676
51819
5433
88051
17275
48010
70904
86196
60987
6780
95104
37343
9208
83325
72015
69467
78995
28042
99838
43478
31204
84706
36299
59083
97361
76544
79462
31000
50995
64460
89162
61206
17090
20432
66373
28109
8112
63156
81669
27653
55097
2666
20416
31780
31524
89093
5945
66529
35448
32361
54856
82322
76439
68232
65022
242
18950
53662
19022
26
47126
47043
59639
15163
39696
56783
78669
93466
79951
90955
30862
43274
15965
63929
21442
73033
20558
50900
32140
34105
34171
59301
92173
93958
77520
96880
85311
18541
17338
63054
75675
32495
77645
24998
27143
52084
2035
35172
5905
73176
60198
77458
79637
36039
97979
99457
11225
25059
36961
5128
71487
29952
95961
14647
73482
44589
7616
79754
79570
36118
75101
13545
15437
38070
61207
97335
93811
82810
22183
86956
92596
78516
8156
23125
55657
89796
55620
80689
16790
17232
77216
21852
64901
12352
36365
90269
51826
47392
22473
71290
92292
66022
57033
5842
90842
2192
29368
69631
65089
74091
88327
95933
86734
25839
76773
49762
70921
13115
98020
30688
36181
12104
78302
52603
82987
74242
12158
26573
81845
18718
547
64067
1718
18269
91766
22513
79651
39335
21305
15726
50208
15509
19719
97012
65651
18488
40987
30080
8814
82786
10441
36706
32845
82388
95431
72004
55022
38246
72094
66642
6630
71027
95341
10874
75625
82376
20354
33496
87389
46382
79200
70365
68745
15107
67085
9045
54117
50070
28260
61118
95186
6236
80699
48731
84999
97380
33707
66056
62409
99308
21293
44682
22013
6377
38104
60829
79080
31397
98537
91651
88719
32101
13469
50614
37818
32544
64857
38423
52036
930
48013
59946
28966
59271
67505
83723
73076
82920
9512
43242
20829
86245
20518
5340
46337
26694
15196
10611
190
87755
89884
88876
44261
45827
84136
55367
76273
36707
55231
79047
86334
71345
313
97088
14709
9667
63012
63483
67976
95433
66860
79111
34686
53851
36642
30277
89654
41296
60264
81670
12910
5978
71743
30228
21371
55137
50925
21082
6110
1379
39430
93790
88595
19660
92225
73002
36234
96844
60718
67994
16117
43461
21684
70021
93612
51638
9383
66713
68302
16033
96313
46197
68825
93851
45069
97365
29336
9620
42672
61432
11492
26924
86332
29464
63434
126
25285
69432
71595
64240
44301
23018
99903
76751
9736
82666
7339
40619
94178
85125
17712
79550
67286
18412
59580
17449
6959
46014
49079
23386
98300
98550
76117
68258
80626
59901
95201
52660
42113
40263
54884
93862
95443
5852
14844
49822
65349
12404
75617
46460
10883
30502
99195
91727
26369
84437
71929
47903
13418
15131
50514
77155
14619
11375
82366
98254
42867
88191
80228
50910
31324
43682
48599
27061
44010
78054
82486
89106
71605
85946
88696
50508
6855
68076
72636
49669
601
70097
72973
3363
19068
29639
28196
93369
95453
79447
89797
2151
43889
77885
74385
95629
3274
94750
91411
56067
78370
29864
61656
13709
27637
45046
96395
16545
65749
74623
72512
74353
11464
1787
50167
55627
88044
75032
4291
73334
97871
60508
16623
22519
1421
40362
14063
36683
32615
45391
92144
93950
6327
62724
11244
13995
21068
35409
94706
42076
64582
42659
82565
51966
59530
31897
72877
78292
84458
30851
61708
32523
33326
64159
26639
9491
43148
52891
26395
12512
63222
88424
10041
4556
39828
72132
45909
43053
24229
38235
73518
21820
63631
14833
21818
80925
65972
70506
24579
88920
76802
87920
85203
4328
73840
19327
17125
5524
70775
41421
9400
80532
93028
77789
86394
87022
73388
69153
73728
98958
89148
46096
30561
7957
71171
36054
55419
32932
37109
74847
46191
65883
8013
10808
28382
1670
2059
96303
39572
45369
45217
61298
64761
22785
62086
72843
8983
84006
82671
92049
51451
61037
3488
24536
25380
50784
69428
28207
32517
40902
17640
31241
15458
72736
90299
11983
44659
15988
68084
76809
31734
82048
38721
97743
54564
72170
21644
10589
89997
51370
67661
75902
24022
14378
12019
56217
56787
3663
577
17357
88519
57802
73135
6608
67034
59438
27478
80889
20553
18366
17486
72642
78597
41327
20624
59020
56608
13859
90547
53348
44565
41041
77286
55085
89145
47833
67741
15047
29611
44777
79309
14595
92067
55154
67411
29754
31744
60071
70202
52899
98703
67597
11491
85359
64325
46879
31940
74593
80861
43567
87957
30556
3508
89325
34851
41194
55576
32066
41659
14137
97066
54099
99133
34088
61243
73158
63117
29134
81095
15235
84826
58283
31751
680
92486
58610
13660
92047
16889
89843
29507
84821
70447
58587
34259
82411
60625
33074
90715
29981
50558
8747
26052
35957
92922
64253
24451
55461
93233
44048
73203
20931
49655
55420
65671
8514
99455
7001
14541
24075
53144
10220
68001
69216
30964
59561
47646
70819
25836
18667
99201
15530
98141
26811
449
3615
50179
85559
65827
60174
26432
16287
27336
26672
34121
3678
78110
8450
79104
58745
71475
28104
72442
85832
66633
96484
48386
66827
72883
56102
62491
98156
17536
72583
49687
992
37982
23602
22885
89533
87085
89734
15073
51256
21952
83113
63535
68375
69772
19619
62672
28728
2261
63548
2571
89040
49937
43978
18422
71474
61843
79238
12072
38543
37540
91376
22990
79866
72666
12868
10627
55072
31167
83649
67232
36372
91196
40668
22381
74658
81158
91706
67870
40642
35313
92854
47074
13008
58862
1135
8782
97161
79847
79657
21951
66073
65476
89823
63053
55609
54106
14597
84725
5486
88667
98337
31313
60499
47920
86056
92111
65971
21314
16368
71651
87223
90147
68468
60924
35309
50378
28144
2112
65564
96760
97845
49620
98155
12805
98462
87531
69855
4158
81598
45212
30425
59759
16532
16530
85908
49092
19998
87753
19148
31053
38759
68566
12023
32538
77779
82817
45672
21448
45788
49214
7798
84322
13477
31294
70592
46189
30981
12386
2027
56007
27670
4131
63058
77261
52351
76770
67816
87502
39467
72820
66261
39856
62096
66938
9921
85281
74064
2115
54879
18903
66084
97426
41622
71809
36613
28893
84234
78049
26233
42609
51748
29600
4559
54488
87884
53379
41972
81373
10983
71792
60512
26608
75359
80546
82152
32231
44555
71991
27766
78849
92397
54814
36895
40147
24168
25610
61232
17138
1648
14488
40611
36605
99708
8080
17304
40385
74011
39009
96124
85998
40267
19720
18934
21119
40082
81823
16055
49932
53444
67196
92340
77088
84756
43976
76250
63190
56225
38225
27973
97824
62249
84078
90221
31402
47641
75067
53618
33277
89811
89878
34825
30124
33998
52781
44113
36424
9927
99087
75217
11560
35406
48607
87803
54387
74320
57583
98106
52723
19965
46672
56615
20730
9097
48903
84268
44451
49825
76540
83863
89525
55728
2401
25439
31122
5187
89783
5848
4228
5267
82755
75589
43476
64631
42307
39690
69565
35801
67124
37978
44961
73433
89949
32580
21081
41283
46423
21386
41757
84829
49596
70316
24926
46614
61237
5234
12227
69392
66969
49488
21187
67360
1075
98770
20880
56889
97112
39608
63890
96622
41020
81527
26333
5679
81349
75692
1991
57516
76073
3466
72998
65338
39083
49002
16634
99357
13820
11838
47140
68245
73517
2575
61003
89468
65892
99242
55584
94303
51837
53004
86412
82848
80990
73062
32551
19800
27958
95810
93894
66356
19584
64165
94869
41939
30715
59619
65577
15812
36444
38735
96106
98379
35967
25857
41676
22106
14264
61336
81111
10690
40518
3085
88392
64364
85182
74665
53514
25419
573
3437
51719
47196
156
52261
97185
68263
98067
73390
86470
4511
90817
19595
87859
29110
30946
784
36570
92066
17065
56170
85354
38279
14479
61413
24934
2804
86034
6523
71082
7335
64086
55064
42491
23244
31835
95263
54649
80152
87173
19773
77386
85449
83847
49107
83684
48606
97875
3576
12331
4535
30409
65286
30489
9312
71794
90240
18681
51982
25873
50385
97321
44954
79185
3700
61912
91787
42857
36531
34538
25345
90845
85848
39472
8784
92290
29022
71765
44389
44068
93011
49203
85410
57566
98503
35629
58596
72305
88943
73365
55070
70872
58940
5952
37317
68007
87463
69
27605
24044
80383
4831
47241
63511
81541
16593
54631
80363
66621
80490
23774
17804
25482
72475
57229
48503
17298
58740
98957
53312
89643
9611
81444
23847
56529
67130
84466
78472
49502
53916
30782
97592
95691
41758
74233
19909
2250
30687
81958
22135
92987
68731
25689
47292
9259
99509
45502
76600
20062
75448
3190
87076
63846
55700
54717
73373
24290
85261
61094
59479
11611
79424
67781
33786
29495
4063
43913
76706
28921
86258
58434
47562
28635
86898
46487
99255
6798
79071
83062
41159
52262
44796
57188
49435
53716
8160
52932
18164
22275
34142
5221
9890
26098
48260
90924
95220
48477
17133
51993
59230
13926
53196
27377
2539
29930
47938
32939
88864
25262
79499
35086
93476
50241
35126
86261
65214
94651
75794
86319
39442
54188
11306
72455
39449
48738
27136
17380
50669
18736
24667
55585
49521
38997
80864
18905
77111
63337
8653
44270
68336
87072
81242
76197
32232
47284
95097
87002
60621
65143
6186
11518
95407
47426
72179
72618
14277
16448
55852
83495
11231
99382
89333
53605
47685
13834
4471
51572
21672
16202
33855
33410
79607
67328
79050
35304
18457
96133
27920
43062
47012
24024
85202
14319
58951
17215
74062
53337
19524
47207
56206
77627
92276
40999
17333
16359
32975
56442
44653
92403
95570
1442
42319
62994
38259
6822
44152
4771
96486
38426
81941
84007
75728
98834
94837
96135
66518
1199
73019
85749
27039
52387
28861
32664
95078
33216
7580
90394
37635
30442
7615
11321
91606
75562
39236
91417
7097
83386
23057
60075
64579
92224
23314
296
96319
76378
49587
18011
67770
49979
80340
41185
30100
72534
88898
83554
49234
53505
89442
8157
79725
24828
81348
24378
80181
32565
47068
30172
55691
58849
73012
37670
23972
48517
7548
8087
39777
60836
25103
21098
19776
8118
49215
71252
79808
47559
74175
1919
31748
68997
30879
43327
21913
74044
44545
81705
99104
30010
58975
68816
16376
33293
65124
60163
96318
32022
34817
87983
76845
26996
47518
99566
34860
17475
31509
5569
42600
84906
13999
29696
70918
10984
23693
24467
62810
58856
71208
17276
61049
34044
57306
87028
30750
84606
66823
44377
7179
40217
45562
6529
24241
10852
20240
4314
63109
53779
70837
67176
46
33430
69773
61450
33901
78808
74278
90915
61250
10030
58332
40222
94073
84568
99546
51208
55270
4098
20517
12674
52
41725
21599
32999
82705
30636
82081
51656
30297
50237
46367
24694
14891
9855
62486
87478
80679
74299
61419
3901
90116
33351
49925
82255
75095
98261
89186
7568
98228
31418
95199
50792
73229
22312
41028
19047
96685
39029
52929
94272
87738
30397
46928
41125
85741
40775
15579
87365
61044
38885
5269
49267
29008
71502
98620
77183
20593
96101
9363
8524
1038
57484
99051
77069
59047
17236
58043
11027
89227
78445
27799
12646
4276
85851
4814
13941
50885
22887
66935
43990
63274
28674
30162
9171
31466
62849
30860
30404
61301
34298
55708
74212
75460
11245
48113
38987
5532
95108
80714
80154
15782
70303
79720
61248
2001
3462
35567
28341
49732
2847
17775
44748
32591
85861
98101
56753
84026
50629
65126
96253
11194
50081
91734
8406
54108
72381
79831
31277
10290
44064
18017
62568
76223
6812
90980
55219
1363
3580
68155
8718
10867
81473
98415
13742
27537
74160
63189
40564
62451
92214
68261
42765
31004
48949
36554
17950
4921
77360
97564
37263
45935
42696
9918
33720
18813
63044
6043
87046
30059
80384
27004
52154
14620
62141
356
2838
51570
76568
65512
90319
53194
9374
7008
47976
14088
73435
87951
95281
13633
48817
99175
54633
31772
52013
51567
98952
61226
87213
45787
93550
71365
86149
74308
19395
47421
64930
8470
90051
42843
27391
322
77746
46408
85414
1486
80943
82525
86891
17624
70536
78147
46399
6655
9309
13366
63135
18790
7642
25187
46216
25464
14482
84447
40606
71744
17877
9752
9154
28950
49948
43185
98281
50049
2732
12772
90473
2923
69729
46319
81822
6737
85757
38106
80082
79885
16374
47637
85972
91788
25941
97945
21858
91967
34206
88461
22054
94156
35148
49393
43087
95662
19758
67913
29133
14752
96354
68983
16823
49361
42160
50943
49443
18358
1090
39546
38128
78417
63129
37134
63868
96380
14935
2520
40056
4445
22401
90933
12971
1875
57298
4888
50014
55
12965
24540
31961
15663
8152
30904
39178
90415
21657
55505
62074
5872
27188
91601
26469
83726
22735
53041
13782
29737
63333
11151
77141
22549
73841
19005
62290
17913
15841
36467
68846
86533
56194
12444
71923
96737
43688
49328
85259
5225
10121
35044
61527
90678
468
58686
56407
29404
19018
22061
58945
94121
51107
98008
81592
86866
40800
27889
5382
21072
82971
77364
44765
20310
38412
84475
55704
62470
32630
44447
42589
80103
41805
53746
24066
10723
68274
47948
83827
27151
11533
20561
5424
96439
90117
78650
61668
20398
19109
16793
17047
90797
29204
39588
49615
12324
66253
8867
77240
37950
31030
57763
73436
26351
66867
76252
48891
92370
4411
46134
86996
273
66881
7510
5139
7063
79165
77452
1539
79113
4993
26700
43603
70741
3023
51810
1466
21666
70669
11521
57822
71130
21566
77326
77188
15035
5110
42766
39625
31896
50076
66987
82682
9160
94270
63282
33369
50356
53616
62136
6180
61817
80364
70141
34774
6347
2660
38668
95155
96478
94079
30903
13554
34647
15042
36386
29509
79882
78710
21582
42724
56725
64532
52694
68798
94472
21459
25877
43984
58464
71061
69907
67574
84409
36112
35846
91774
52384
22725
64653
25665
87605
82129
22317
79077
94103
77108
67519
46816
74305
64746
30400
25498
34483
49591
52489
39966
77177
35510
89414
31284
16215
84800
65250
62362
96911
92612
42153
91520
32514
60507
31379
82727
93390
63195
95402
58622
75830
55468
59451
38108
39452
10335
66075
18901
95879
46716
83931
7010
45323
94957
11958
52549
19519
77634
86353
93946
92584
63523
44054
66620
3838
34996
49640
60093
86129
26597
82843
75818
15038
51073
87705
45024
18521
35008
37848
15228
19528
43377
44161
31675
1273
12946
52129
73475
94728
82807
14180
1213
57043
36954
59420
74798
21352
40301
8794
78165
28120
11894
33466
90447
20768
39359
65897
72838
27514
66144
26998
84702
59656
79585
39524
73612
71058
41849
19555
54163
42650
87285
6389
48501
33732
27046
47930
68821
86216
80506
52544
31487
5117
22995
62591
73826
4047
54303
45490
66540
53820
57396
7362
99134
81526
17695
74097
3839
97987
32032
52295
55798
48495
26658
59313
8188
86145
14125
65845
33042
51642
42486
90177
51027
69742
43615
42443
6815
74093
16121
74546
60674
5761
47908
37578
24312
89405
45283
89586
57612
26512
38303
66913
48900
41149
88905
68670
15459
51730
9586
9225
56706
82623
47660
42754
13797
91777
85347
29335
30884
23798
66512
85508
80685
43548
11157
53948
68597
33868
58920
83040
94431
96615
369
75744
29567
67287
50464
99399
33839
34706
12359
41548
2625
84541
91001
36064
96652
18675
56702
41108
3945
441
25190
10945
5115
57818
55995
47131
76790
59815
69859
2943
42839
96959
51159
54143
64119
76619
77433
40069
15465
76654
74929
22750
99151
68255
37044
17823
56042
81727
23569
25715
35253
61004
23654
40331
50302
11353
13699
9266
59241
72369
62446
95507
54226
34845
76726
35887
45383
1797
11008
8740
48032
36069
72971
78321
65257
10620
24795
68458
68665
44338
21692
80277
18058
50304
18505
84708
74818
59078
64340
11992
48719
93748
55005
70523
62616
70030
87503
37203
40354
84318
47747
74329
22590
19699
70703
34302
53156
56904
56367
63126
70259
11689
70212
72944
11886
40824
66455
85350
35652
95653
12564
81614
29087
64471
53469
99521
35723
15985
93625
78553
45209
8565
81041
34930
29213
75404
25992
55489
3844
58724
75722
47737
10709
74021
37074
64743
95599
86940
4368
59764
99790
82218
75992
96167
62152
57743
66189
51430
23112
72048
6560
88426
5450
37505
15654
88199
62960
62614
72384
50018
4123
26173
53127
62840
39594
64829
73212
42470
95037
60277
374
3895
17021
43601
23447
10771
85598
27834
80949
14557
79767
29141
75666
51553
88727
5247
82826
93511
24560
91322
74587
45090
30602
85390
48899
64009
5833
52500
75579
25270
9695
42688
41136
1289
48525
40616
81106
30212
8901
43632
12972
14704
12951
59017
91368
66003
55656
81929
46246
13228
33403
72769
49470
50851
22232
15979
35441
1621
80735
11337
50877
7397
79942
69033
92223
72754
39173
62085
64196
7496
86002
23610
70765
97653
23608
58336
40076
88660
78078
60565
20334
57373
4876
1680
60651
4697
30529
46777
53153
28397
30632
69357
69693
78777
17579
97738
62928
25794
49283
76222
79753
2992
53566
37976
86579
55305
1606
24550
64446
98862
84400
93290
40245
68939
44026
80516
92927
95832
35754
6718
51221
31173
61839
10192
46030
70013
90306
11003
14312
51191
9373
13939
5033
52646
80261
80738
15999
92377
48867
19280
95103
5788
35660
93767
29015
34886
98607
54258
62869
31271
38831
1843
12759
44922
70198
38973
63910
57992
70672
66399
38781
84027
4695
41750
9978
26898
71627
97879
21346
92379
72278
85777
47657
93762
17558
99036
56120
99741
34074
70746
238
92603
6781
36137
86582
31908
10732
96894
65174
18448
67167
90004
9379
92585
19009
26237
17067
46778
73753
60871
94656
58161
61329
11991
90204
16124
91172
74380
56518
85353
90049
78130
86121
44646
24573
84061
19777
76589
3562
9519
26417
47703
1180
240
69078
61055
70619
7921
18401
91526
5564
79351
50366
13515
69448
41677
72740
14775
30113
23179
69935
5367
92270
84948
62585
2098
34641
90581
44676
64606
15091
41790
37569
71283
71351
21094
46398
4845
22530
75935
37964
16383
26590
68268
46723
47736
16587
28573
98386
64380
9746
82778
87917
17422
13235
88072
59714
64304
80217
47048
36026
25315
50112
40759
85521
21265
72119
38978
81017
22827
61625
4775
8070
12005
63647
35218
27828
87347
13262
95126
62261
14535
67472
95293
56280
79143
32856
91138
37908
77020
10538
60296
66290
17860
17542
78258
63392
64441
28072
18710
25454
4468
89945
10699
12767
57224
88888
11031
79151
4399
97625
23538
77384
86920
85645
89257
3714
57519
78889
92720
27496
75453
66492
57430
77835
81170
5057
4778
37399
67406
2509
71263
65452
65260
15125
81888
87300
43489
89740
97395
48378
18915
23325
82060
50085
15375
75984
21332
26992
59835
830
82689
29457
86277
71740
64640
98349
25111
40349
93576
62434
21844
2149
94423
74410
43739
7034
18430
86050
96576
13100
29119
14196
31190
73752
20669
88460
86745
31371
58753
25674
31117
38327
29256
50202
97787
13505
17059
42977
44953
43298
79008
35345
8870
97257
17619
3498
77289
60461
82480
14012
64880
88675
35463
76371
61674
99190
94033
68775
88515
71950
57111
38264
94228
61942
78400
90003
29810
93560
59446
62265
45096
66049
20676
31926
78676
85201
2263
57323
98649
30385
89445
73987
55804
50125
58009
27325
91399
3969
56635
74007
34434
43280
90529
49192
8136
80985
80007
32287
72330
29167
93832
54305
22974
34244
821
43894
71333
9767
61520
86795
28315
15659
97028
26124
43015
10033
32153
15747
15512
69649
1088
9766
98960
62029
55030
2549
76781
38743
51934
71072
50164
84398
59501
54744
54862
98181
11024
92951
51102
13344
82313
80204
51981
53078
79898
33310
70024
7986
64873
83221
39757
74852
97239
58604
41148
41937
12298
56523
3258
38099
10910
46338
57531
9580
43386
20270
21013
84760
58973
75642
49616
13350
36217
99090
30728
72734
69769
73215
33845
60775
2912
81481
91937
54371
68555
34666
3828
87344
26999
9684
14402
65449
82394
27043
77058
8487
35212
24299
44541
26065
63043
6919
61181
64468
32333
73705
95246
19387
39933
37575
62537
50061
21688
35755
83374
84638
50613
69487
43837
61393
42981
85754
76819
48787
57554
42331
30836
27988
30552
6396
13490
37617
58895
5301
74841
2389
650
78066
21292
53573
96053
89416
4804
77199
88531
24480
9948
61902
13771
96983
71097
83851
36535
41191
75815
85844
73189
97490
22099
13540
4309
44815
21526
45808
97677
35832
11742
72323
89793
22156
68683
90974
11975
18598
94694
90469
67151
83844
86342
55249
90340
45921
72645
9453
69480
8851
87758
99452
98157
44425
6414
88121
63174
7987
56761
32518
73621
98616
91818
47263
55825
60523
3351
49454
6876
69661
8208
46675
67774
2855
79558
10504
31290
78328
3331
95552
4133
67739
51061
36120
3453
30378
4484
17882
34908
73535
23233
45733
68386
60510
37127
90655
95048
85147
79565
12560
4134
56612
22915
61411
27784
69307
79584
92858
99578
91268
71161
38557
5434
93804
98775
58731
59207
36922
76925
67873
44741
83233
72373
42920
16187
4087
53395
81944
9560
35553
1576
87535
93425
59878
8204
25460
82882
85154
76091
75345
21088
5027
77756
11683
69306
96892
57914
96945
13213
84418
43759
93505
44587
72606
81334
70793
3698
51904
17122
50260
19897
93419
1632
74015
33171
66043
76541
95398
13388
93770
70894
64467
4802
84625
13816
29818
49129
29900
98539
34598
7876
11947
97363
98240
99217
89259
3890
69050
2055
91188
95651
38375
83615
28113
72673
14226
5074
84842
53015
24127
11508
27763
34638
17185
23409
98543
12045
10199
34962
834
26327
8391
19263
86776
69847
37601
60745
39157
32573
96834
56619
321
59679
62886
6299
92900
43498
97446
41585
96504
76631
70946
70266
3305
81246
97437
10906
18965
15274
18933
68650
12193
22490
64585
9963
70454
98434
45798
2730
73449
87842
87598
27107
64993
26715
49370
96427
67965
95791
5639
51267
21263
98533
1130
87104
12862
1928
83447
83834
62133
90203
19367
48163
71514
55986
62287
89100
17952
16509
89650
14551
73404
75504
76235
19996
85919
17888
13729
10777
59433
44597
85227
96165
50538
7146
9249
94767
37695
75007
91132
84217
96637
37590
46286
63998
48338
37388
61681
87825
473
61288
61638
26427
22196
27269
35825
88486
43597
83287
10355
10046
72742
99565
54358
77867
73317
51546
71382
83945
19884
13076
45846
89995
69438
51917
24552
59912
49885
58357
52583
25637
82185
3772
10297
55348
11463
14988
40224
87425
570
5688
54078
89212
11126
3449
55778
52859
74558
80859
8967
50526
9646
60244
97410
56579
54847
13045
51255
24141
77023
19334
62067
65579
52628
19187
13908
67319
7
20242
72032
72965
62271
73233
16046
13669
39489
48803
85602
36460
60040
54679
75552
58430
70184
89684
45762
60623
94793
67285
38528
33378
94986
2646
3044
83587
74881
73116
36863
93558
89249
17442
33111
69555
7840
43560
22802
41624
68810
35025
54401
3418
89508
30776
97348
53914
36789
98258
63614
48283
99707
63633
86137
45256
45122
38373
78559
27525
36073
88666
86414
53251
99616
33740
47360
58910
28170
79920
24773
72835
95300
21430
8319
21260
39945
31239
34100
68710
92031
79098
17566
36616
68489
69515
89862
22849
13650
74322
11076
21156
15086
28225
26612
48902
84807
97776
59951
86228
39699
97045
12145
16974
21843
9657
55144
10265
94538
7734
1345
87051
56712
43991
90873
45601
52502
6561
53483
81760
35622
40940
62349
32933
76185
47453
66320
31125
49348
14051
67851
44662
40416
86833
75621
23540
94994
21987
21036
40993
30650
75780
25743
65484
48053
22267
99286
9781
11517
28272
29520
13286
29088
45270
54031
17930
34802
17550
34392
25249
632
38467
28790
12682
82359
93282
7752
56087
28619
64815
9218
15813
28700
51473
98806
76711
73532
99430
15586
42752
42853
70529
50496
89935
45621
25261
5165
90607
78693
41037
94230
18409
7322
69460
42585
34260
68789
3903
71652
13080
22289
67131
34816
98061
10452
11207
19716
26275
57101
40831
81540
30169
25348
72095
75455
244
92199
54901
78590
44907
45277
1834
50193
68540
38942
21281
96597
28100
35678
83298
29475
62578
79233
43852
90152
55354
376
46094
54671
53987
66118
49429
57179
1324
64787
23977
22615
2048
90637
6726
68843
51679
50336
36503
41052
20554
8568
19433
35729
70396
48161
73784
90940
9911
77610
17784
61436
64995
62358
23824
81736
23286
8954
76943
92374
17617
41765
21737
87994
96513
52053
32650
22845
92986
7897
78272
21125
89372
3942
96981
14186
63066
27019
56050
5603
98693
93753
29925
4050
30390
23258
91446
14401
77690
71473
5981
50734
18559
73797
41900
60313
16212
42445
57458
69422
24395
81193
46703
34237
17002
83557
2811
87555
83811
945
67723
32193
23749
21816
73091
75909
64826
84365
31859
81687
23585
39214
90224
48512
25602
72255
23565
42654
21095
49420
98909
81092
76233
18659
7712
66581
94866
83318
7262
38014
42993
56088
16134
12858
24000
78177
88370
42553
90771
14107
84366
84151
44857
50122
29443
89452
50388
60279
44692
80528
95986
10059
55498
63074
51296
48615
2264
69067
74317
21167
17212
52326
34001
23185
47212
42783
6246
21492
24121
12252
78296
97106
19989
84099
77431
58807
76039
44831
20961
84252
23128
48752
51184
12976
4536
72801
82344
74617
33103
56470
20135
40704
7286
56140
29465
3739
66454
94904
47597
28656
19857
8418
46738
29980
14662
65654
3366
89193
27598
39944
91013
28883
64912
16050
27403
23827
11297
30898
90040
75897
16176
8804
33177
88923
27918
6085
10936
24503
47083
54406
10231
11790
13314
3963
25933
99788
90931
88229
51142
84715
49419
6125
7951
66787
15853
74132
27835
84066
15453
56283
42136
41905
98244
453
55954
59335
72628
89412
18485
31683
15966
81755
82905
82813
51751
52472
76350
79355
77404
92926
2882
88031
66999
33608
96991
5932
69039
12890
79131
54765
95563
4473
1727
27413
8225
35339
83681
56941
68330
62228
83993
91806
70091
11259
22500
51343
38500
80218
522
92773
88006
82505
55211
39651
77587
5394
60572
47940
4720
89199
14182
2449
63519
57362
85704
15467
44158
6147
47216
79740
73888
60700
51697
60226
3505
18668
48411
42712
23276
54391
37269
94240
48115
74776
80500
93744
3487
73974
63865
4169
54249
14228
71179
26986
10665
14622
55061
19425
53214
44882
84740
5610
77706
43753
67280
54506
64124
6465
77387
57588
54173
84292
10710
7888
68804
84613
78696
79868
81206
64920
38504
99053
36091
70640
7891
5648
2924
90846
91572
58387
51383
58666
77572
9253
42614
63739
64269
89134
30108
46854
26785
74506
89798
3868
24643
75741
79395
57631
73722
40904
25166
96972
47544
16173
88716
11534
69881
1416
63306
71879
68898
85040
77824
24516
70489
56810
50790
19336
64722
77981
58526
29554
79327
97616
67725
74678
29122
43124
80418
33589
878
48171
84771
79158
44184
49863
46277
68067
28212
41014
16885
27464
31861
83267
2329
4402
69384
31421
64376
79975
42055
36033
41184
39136
39967
56510
2490
82667
45018
89338
27911
68370
75660
34806
31539
80520
85374
1263
12473
79100
46987
20888
36077
2672
15781
11854
19539
61918
17748
13986
48580
2657
98786
11884
39084
37959
95136
46188
70568
24651
59548
89661
84020
48059
62044
34667
85032
87490
47645
55076
72429
6316
50059
64900
56836
56554
10270
1047
4184
65302
3900
71591
61115
82127
84528
23963
84126
83353
95618
2030
281
79070
98921
55566
97421
20813
15374
57069
67805
64784
37019
65864
15791
10421
92197
42560
68851
61568
30098
8638
18024
59499
79900
35578
91183
696
67754
70326
61614
24848
54687
34670
35927
22623
9258
54854
1574
68950
18712
39851
99952
48328
75958
14830
46211
1411
56687
66258
13033
33341
38676
73021
99230
98000
10599
79911
40364
8042
96350
33357
22679
47820
64310
64061
9325
56466
20948
41791
60395
505
23483
60566
19647
98759
25220
70171
11667
49447
43867
80721
24970
38181
4944
62494
14104
98562
50966
41104
87355
66427
27581
6430
32005
61739
37864
66758
42753
36661
49676
20255
49427
23231
28264
36560
49518
881
31423
68442
14441
5369
17934
67260
80635
24543
12037
87116
42961
83972
66756
42317
10124
34335
80917
58665
55950
45072
46169
67696
33220
19805
57817
86758
88771
14625
83920
33727
44207
76012
58866
50287
55118
19247
95948
462
93842
20582
50281
79718
21333
76554
41843
43114
1992
86942
91851
44224
3399
16685
49529
36472
88227
74806
66440
56026
93968
57135
27318
38454
18458
60017
62704
17765
20395
73073
12266
67015
19682
75201
99391
87860
60238
13173
58838
29946
74582
66880
4196
9010
18820
15146
37969
91543
71162
41035
19705
32348
68654
81667
59959
58994
37772
33803
27430
31817
94106
90168
84030
2642
42239
84912
57355
43943
4842
15585
86425
25165
87895
60661
82393
28279
22478
83421
12391
84108
32439
70474
70578
83572
76708
10798
91382
6535
12389
27261
4013
17747
90324
92661
73793
67048
75333
84538
83449
86541
50116
66584
91017
93126
77465
35352
29452
13064
37366
81993
72647
92751
30971
89207
19545
70305
69845
9131
81849
63873
37596
55601
90765
5259
38900
96351
40674
90446
71065
22609
39207
78008
62177
20025
81108
93717
81326
22415
25837
44976
26303
81145
4344
36421
69387
6632
64295
43511
37787
99993
57354
78450
86157
37649
12300
99352
49879
63579
74901
5783
73610
29379
9251
23028
25310
68980
88647
92515
68634
69330
10857
99311
23457
68416
60801
37827
30977
14297
14589
98782
5292
36511
98544
86104
63870
37096
45004
8551
76579
87122
57760
13619
23746
23872
89501
45109
58411
56597
50771
2313
81168
87467
43130
64469
31073
1365
19937
55981
72187
23755
3009
8005
34624
41276
76759
1058
84202
15643
30231
62393
93698
3911
19859
97158
44474
92313
44898
39211
3245
95009
25881
97544
45062
78352
74532
65899
80829
17851
51315
52749
77075
62792
35682
18803
48566
37172
45261
37854
62007
44612
46798
90063
5093
26153
27080
21810
27693
44538
50735
28331
21262
53364
7415
89599
11462
45415
47962
42846
67579
68999
8714
37845
41680
41922
27401
89364
70170
34986
47430
66377
54893
56919
81734
88202
4684
3021
80634
88279
54267
49818
73527
6045
48827
67887
96240
12603
62000
39124
46899
37236
31314
14930
39246
99769
44561
51325
84645
57678
70633
83209
25358
11275
41407
2459
18706
25096
38865
81595
90353
60601
63199
28602
29561
48417
63803
42900
51057
42905
79711
51023
72283
3143
12063
22833
29622
24403
27141
87384
94225
12547
26439
69391
91713
37646
1346
76200
6146
90558
14617
22958
47599
83583
32868
34548
34716
95275
85451
21683
51078
62396
44392
78395
47269
31356
32575
74503
50620
7974
27746
77646
82146
82630
82588
19886
56370
2814
46676
85800
21962
82023
81358
43745
81051
80074
62846
81793
73321
224
62511
42941
12509
45052
34284
81139
78458
22847
53285
82956
74829
16236
41333
48011
87415
48132
41639
84307
29319
20635
75451
32949
31673
33487
2935
82111
91772
40258
3748
87356
31820
58974
4797
17274
48842
9723
47649
65160
8194
466
93777
78283
78425
10467
81901
81421
34060
60360
69174
90195
56866
68356
3538
47438
42704
79923
93023
76546
21144
24025
54473
91159
48545
53925
97376
14029
21779
68142
65734
63035
14616
67779
88591
30982
98588
87551
20645
61764
32746
26277
94650
53200
14973
12010
88062
78051
29035
1518
70999
51768
87801
27501
68360
44348
48586
84490
84848
40062
28535
83029
89141
95520
11754
80288
5785
20848
83060
64824
46034
94244
12462
39841
77385
38340
41201
53275
8564
90815
5625
78720
73320
19623
55117
81610
69603
69955
65776
82309
43851
30918
9786
89474
92134
7041
65266
55205
32835
87673
50491
10770
7473
38401
8206
81262
37061
93227
90342
67092
79452
27435
31291
50675
67563
27697
40663
50839
16584
40450
6669
2689
82004
71434
60541
80264
72402
10970
64843
4870
64036
67236
81478
27611
24983
61359
74158
65704
30291
80066
53823
68056
36121
4416
50246
8996
4016
47295
26374
97344
39005
6211
61014
85879
73195
50537
86999
62712
14849
40575
78131
69876
11696
92717
1741
48021
6318
29438
22221
73982
70871
7880
39498
22471
77412
41633
24662
23235
29711
81723
91556
91227
50556
51400
69285
37673
86735
98876
92233
29247
32391
75911
91850
8880
49713
55222
43319
91182
75473
2209
24581
79987
35625
31215
15994
5767
99823
93789
42725
90871
55376
66315
55357
24340
59718
60958
72930
71183
8307
83268
99522
13452
93835
20182
90712
52297
57677
22078
48516
82665
45990
81474
26754
79178
63134
86206
5967
12751
55364
11465
32473
8196
60029
96435
87655
88913
50467
75467
56054
69531
26725
7717
51240
62
20484
17343
58797
24311
3469
80368
35954
92274
36321
68096
81394
22067
42611
99865
44904
48548
23009
83871
54535
70760
5208
89176
12607
49889
61584
77732
31855
74178
69197
1235
58913
98328
17520
46112
50946
3382
93667
90174
71121
70542
14578
3834
65966
55289
75905
1367
64536
63624
29268
80394
19736
97220
4304
34894
24731
98158
36755
19963
59128
94856
38308
16494
35598
28901
45480
42262
62927
29388
4039
66832
52204
30110
54504
80659
32769
15557
70783
12374
62706
91514
32475
96432
28835
85599
95237
96982
77995
31548
84004
16302
69509
25754
58906
41554
97853
90322
93663
64077
6897
77677
71448
39807
59152
34752
1210
69960
96654
53490
72030
57076
86492
37180
12254
16122
33932
82016
71051
73520
83388
21919
74835
78841
63538
20264
22100
25084
99750
21713
78151
32484
73030
58931
8376
1494
71517
55488
76486
1855
54193
11682
5336
11374
5970
38144
54660
37406
80690
72815
65112
290
4428
60487
26008
29876
91050
10112
4716
92105
87063
85139
99610
49589
32270
40199
32707
5916
20681
81883
69539
71670
97019
97270
67864
92824
63953
9531
93226
75469
5028
53633
96102
94358
45073
22864
53216
68693
875
37050
55387
92070
60579
3435
41450
52454
11815
16988
93793
73206
73779
98212
53709
22452
33600
41435
83230
67633
33004
63365
83433
48201
29445
5134
45127
41921
26133
71565
73972
8913
9720
18071
8767
85431
16814
75163
23167
78354
80379
6874
9100
919
94602
25744
99539
26453
81376
98579
93608
23265
40018
67397
89627
54012
6037
26504
10684
48927
8169
11510
35881
91222
92068
77768
46793
12083
63858
18847
59640
9303
84971
68363
48594
37526
54262
67731
14666
53901
5811
14852
9639
18376
42066
42610
8134
28716
12814
48467
98150
68957
30742
21374
96764
81954
63381
32687
34781
7592
99873
18926
2871
98570
2644
13585
32322
53234
51648
92711
37733
392
63431
84980
66502
7042
3914
11077
49903
76530
74793
21743
18782
49048
60971
81353
79675
58752
1332
77964
57294
26498
72116
67945
95867
5009
75267
70828
89620
94300
48510
67551
36699
32148
24073
15961
7744
65346
15435
75202
71374
20932
50585
57807
38550
18229
52808
43543
50155
48652
79010
20361
53802
9960
53608
60287
52905
55341
48166
63154
53515
68613
37195
81316
43126
87374
12394
2578
97411
42180
91326
7051
69801
52058
61153
52746
47205
12109
80320
25101
41003
10674
59215
78227
45520
33779
26960
61797
23906
76130
52570
90023
32637
27164
22240
41219
61078
90409
48761
48391
25123
67109
40760
56213
35672
76173
6841
83704
48753
84651
44343
45996
19521
15302
91412
33550
80773
80880
3127
10405
56521
6764
48814
26460
1676
88299
70601
89433
78171
27559
54959
87154
2093
21104
90048
74802
80693
71582
28112
14367
1032
42112
91836
88693
59508
371
82161
91622
26252
19161
37259
63534
7863
80129
81013
64185
16430
13868
51813
47972
76562
63386
56131
21091
77755
6955
96100
59832
46844
92546
52312
62115
30027
30160
67077
40418
60751
99047
73364
70412
63197
48310
73180
94742
34372
7820
12099
12982
72324
60692
17968
58688
58527
40708
82576
72758
67595
77951
13781
87863
98059
76467
64034
96335
24015
17746
22189
31221
99044
11707
85951
76192
79432
40184
76365
1123
80325
17074
45372
78857
72294
82266
25211
53089
48311
89020
91593
73916
6520
16099
31846
46616
72314
38964
87171
77806
95740
66361
12596
30049
68351
25264
65524
85642
30787
42306
72246
7173
47289
27691
64792
67531
14242
77978
55732
51190
50554
60275
12412
34175
49816
71903
39181
46754
63713
97502
25722
3770
68617
61262
74250
96296
63277
11137
52163
68287
93759
26569
85925
39938
45513
56704
53886
17854
68292
5959
83607
34726
23984
88211
67148
25652
96425
19021
34107
18711
47253
9599
21751
350
34804
56311
67266
96668
24315
21930
18635
78692
67808
23674
22403
96310
74142
4023
62523
12844
99454
86407
88585
37139
4827
59204
647
8731
42748
94454
48315
1694
3647
94803
49228
59150
50147
64493
26661
14913
83836
44511
70761
71948
52571
72589
12125
34458
65381
55425
20542
37207
12933
8806
94459
87571
30340
19350
98406
82574
25204
86964
27384
77445
61234
13
42110
81094
91057
95772
87144
43125
86073
27248
90261
94369
44020
65166
41235
38842
72458
27246
2419
68571
36248
4430
56107
21218
97113
54109
15305
99724
20902
99298
82371
92202
93450
24570
50430
77673
41106
56945
41812
31678
73565
79760
46975
82581
69482
67648
43493
22825
55020
2038
33250
48766
13149
63342
88976
81132
73981
91536
64638
67807
66087
61085
49154
98788
80644
51728
52691
99429
23228
44213
81647
95294
60890
48697
85299
52061
49987
76661
42908
54567
66673
76986
64573
40375
70660
74792
59708
25176
89863
56890
28688
77861
7728
29497
12828
23166
84616
70451
25010
46635
94218
9962
40363
19980
94122
28638
17387
24992
69815
31715
41853
29636
56576
4390
34951
61766
65760
96452
52032
96275
32471
98048
91649
81964
44730
87847
38636
35208
33315
26570
29966
6659
72474
91736
13012
76818
72035
77187
84381
96777
82722
43838
18619
20171
17056
43073
43403
21805
8214
71845
3897
99220
72263
71796
59870
21163
80018
50913
64092
30747
39267
34342
24942
45447
71603
7291
58776
74144
50654
13673
66776
40697
65530
63033
51504
91703
53907
31967
94723
22152
51658
12183
85423
62794
99343
74027
46125
67106
18962
63200
99118
36712
58474
83116
20641
93279
61279
10660
70766
1491
29954
82441
49714
26685
90757
82410
34557
34565
83177
33148
55582
49561
24999
88649
35633
81351
5969
11054
63730
87520
34805
17161
61950
78372
57205
23317
19990
30835
47352
54951
86953
92973
12059
64775
15337
36340
35386
48075
17186
80525
94579
96273
82003
91607
63926
99472
17791
50292
55266
47206
99657
1839
6681
67347
60054
6650
10957
38502
74677
47852
94201
36564
93837
12535
83971
63123
78236
40430
12362
70025
16824
45131
5488
95181
82200
68734
25759
51521
16958
81213
23272
32674
6988
22733
69068
63081
27662
86243
38888
1274
39008
12039
12576
51186
20822
23533
73537
65755
91096
71557
64271
67499
62291
22872
51004
20555
80757
42437
15673
66554
2671
15859
96784
28237
7605
16817
96539
77316
89812
73556
26459
67537
1711
51783
43036
51238
98513
10027
31305
55188
62582
73380
83036
88806
33459
90419
24612
97388
61208
55058
38972
83683
61437
90421
32938
20903
36800
35728
30926
2512
7731
83109
59067
86675
42233
46781
63228
77540
40502
51453
75272
29238
21874
43814
65703
34834
89879
40673
33902
84915
39815
17732
58677
4892
11835
34020
56537
81784
78212
64131
87256
10630
10114
31042
65803
60286
85044
25522
26529
95644
72362
80071
69826
55445
64069
71343
99729
22595
9603
33288
81099
18328
73921
31992
52485
28449
49003
98004
76597
77952
37874
87675
66130
68888
16565
26185
16034
52499
80646
45268
80293
39530
45657
48812
7465
2282
41405
99253
48457
61757
14252
89595
63191
9280
94604
1775
8701
73751
42506
94849
62946
43807
8893
7072
85714
52696
88911
11304
30773
40161
83515
78109
98040
42973
97477
4824
1122
83088
2703
55401
33172
96609
86298
42096
28518
42835
87924
83564
68738
74554
15768
28051
20959
49022
6495
56202
88868
68560
60131
92771
59541
31381
62088
40835
64962
63136
13694
87289
54333
26381
37488
85867
36944
19928
69588
87918
5510
4461
86682
76432
7541
46086
6322
36474
60179
10255
57598
60405
97579
62442
42479
65494
29059
98642
91355
47194
15117
23527
36843
39640
93545
32616
44229
85939
75036
88394
12303
92478
40672
8845
79066
10268
57134
17294
53588
75296
22601
13702
76875
18490
94055
91802
70795
52304
65998
87565
45511
6924
44340
44280
28521
29349
43025
72655
51249
8311
99651
37183
83400
50523
71344
15803
98844
39414
13649
1303
8819
8899
77035
12248
1893
47078
25595
48636
56139
68548
31118
83395
70555
32865
33303
26987
93201
14504
92689
73654
85204
56368
94119
87785
64430
96110
53942
42719
42313
6795
1959
34160
45612
40729
56627
36190
81008
15940
29400
15639
25699
55748
81607
58318
22732
30980
62678
29381
99725
72667
17591
73729
1534
59141
97135
57452
83985
85092
95308
16332
93498
79617
17977
67959
99025
50394
76771
17289
96208
43208
84838
92260
79638
32977
34451
95096
31499
93124
33500
66822
62041
48318
82720
19069
48058
77778
5645
32205
51506
28416
325
3855
96605
95976
78429
81126
24435
87338
95890
1352
93672
46031
50722
9692
17156
56849
88582
66896
58049
8205
3617
67889
18851
18828
16109
71004
75979
53428
25217
68679
38333
93502
9341
67962
3980
59902
55569
34906
56772
93678
11896
96356
40141
63564
40614
85394
42151
89220
37260
49642
44710
82654
68175
54918
73914
83324
69584
19706
75112
76890
32083
74611
1538
63853
11866
48820
4119
16546
48600
38337
78369
87230
49553
99315
2442
26547
56847
29274
24371
91156
74649
125
10788
32486
27142
84959
6658
11997
4537
33167
31079
10686
4594
51605
81831
36075
83504
45280
79714
94932
15522
89269
52030
77965
90959
4075
56751
57307
85547
25768
52739
11820
22772
43357
12437
53278
30090
23744
152
38672
66328
4245
84113
90111
80730
12317
60078
83457
2461
42701
40932
78653
85496
5948
10884
53373
48641
24203
92634
12364
75304
92822
46829
68754
43697
18787
50928
50126
65537
42340
23401
71026
77046
74337
36254
28967
94104
78775
80918
33226
58881
933
90006
21524
34317
63717
89177
68516
58270
91705
22748
10367
80982
57036
8003
85744
31224
54458
47901
69459
35810
67993
25171
67160
9878
39822
90894
43624
49682
47701
89448
43891
76719
41813
28429
80704
4441
98968
98944
59
51660
38312
30028
72564
51082
67233
97777
88631
27960
70862
50899
94977
40790
79785
95626
71961
41672
21128
73925
20008
44143
65584
29005
83371
94307
91971
58841
72197
87218
16388
56472
70525
74450
44268
86467
19878
2384
17580
23247
33374
4614
32848
82827
19328
1162
15167
35209
14145
25275
54514
60776
11570
62740
98081
63773
95959
79973
43670
15880
67300
60542
66986
30608
53546
18734
35694
7761
50359
74236
27085
58480
45966
45207
77033
34093
10181
80898
64424
48061
73617
60670
87321
64576
98057
247
86360
89171
45934
37188
62818
29927
62097
2429
76573
7284
18221
9425
66730
19415
45901
7129
62411
2592
43654
39095
86312
46120
46633
99353
546
31413
14513
46766
50198
72868
53621
63510
49476
29655
23952
92245
48063
23430
49743
76323
56578
89438
13845
70046
78785
46467
87146
34589
26789
52844
19358
9770
64477
33304
28932
14924
61604
4423
94146
46561
20899
97356
56018
27264
44574
33895
66612
85
56086
55758
32197
57060
26288
49035
53205
1762
13218
39612
87517
88800
14343
86190
22400
43671
95918
54813
85257
64189
71685
15263
74065
83569
8183
55555
57089
20564
28098
3311
25038
82520
95903
85074
68144
76535
35720
90083
88748
39895
99929
52857
48940
20228
17744
39930
79552
23280
4206
56637
79048
65719
36845
76910
93006
10074
64756
97618
74094
49957
14598
79736
54394
26300
82484
20711
32510
53031
64802
89686
99056
53726
97612
73301
44107
8423
32499
17373
64156
1590
41478
97256
59703
24760
65264
89285
50578
90942
33757
41623
57339
41986
99172
49247
99362
80653
51886
239
10635
53651
86417
24712
81488
95207
97650
83654
89152
71943
72096
13963
99484
56388
9665
4074
36788
45694
91221
32764
58080
31140
56419
36288
79562
53261
98571
73853
36008
97182
88427
43312
52662
47644
54228
60796
82463
56805
20772
89119
64206
82109
87815
38821
29977
69119
30832
9882
74903
6871
51627
13687
8595
79364
59623
97434
22389
20674
479
80361
45406
67813
45968
99200
25259
25695
23383
92520
30871
2782
56111
88890
98980
11252
20871
92318
99165
56365
24005
6360
40288
50942
12508
89696
15855
47361
3419
95461
51967
80783
61408
96987
5700
87093
21830
55212
2868
28478
66270
10591
81742
64436
82642
14042
17423
18837
23404
62904
918
48366
73530
60024
24414
24016
18075
65924
95138
8211
50644
42816
40441
65284
39986
48879
8386
42806
77971
61726
75148
32381
81342
55729
45771
36334
98072
64903
61661
9949
50307
46227
71952
5928
54938
91228
1264
42864
59345
74112
44096
54259
379
66842
1422
29139
80698
91609
61496
3128
20232
77666
85157
45628
54527
96344
51378
61903
17544
82685
57681
65690
96489
26803
27773
31220
10309
36989
62171
26962
83541
35076
52316
31807
66592
15504
55283
70611
2303
81185
29399
67904
43783
74951
94085
71791
89571
32679
42838
3483
47680
7161
31226
36396
50175
95838
35363
29013
41603
58044
8802
98929
46402
67940
94474
28476
13798
63928
10508
96852
25528
37249
12644
81065
46943
84714
97500
17552
12738
44250
88824
86098
42953
58942
21999
14316
49004
56244
96610
10007
48273
95703
64945
11616
97572
44568
61102
15077
32457
60117
15975
9988
88087
2099
15028
99995
47120
83415
44885
39480
35974
56220
60837
45712
56481
78681
22325
58614
26119
44497
13885
61191
36894
41286
69253
92404
20464
59142
24501
59074
83364
30024
66264
27890
42683
44359
42363
80316
52851
41528
23547
80006
79013
1844
32524
80760
57387
42025
76766
41259
22712
61242
14841
36754
65896
4000
70482
88816
99543
47305
31184
39717
1214
33416
57799
39055
87856
1602
2753
84200
32366
1261
51592
64988
23667
41176
15649
42131
97196
75281
58352
1619
57073
91282
80894
94743
94102
20402
6144
43871
31691
38665
31359
46841
85078
62138
2918
59413
978
2822
58502
13559
57868
89404
38825
13962
6697
82501
21382
39043
27177
70763
26641
77159
35224
16277
53669
10760
37051
50495
9991
82455
44168
82794
7593
44783
19291
58875
70709
92521
70512
74182
24663
98582
37628
37736
69564
91743
3506
97015
97817
72213
95681
35938
56742
59689
90209
89724
33295
10102
35998
35356
27126
45515
60944
40600
36854
78554
11730
81007
92592
52970
68621
22962
95143
20589
35459
48728
90676
29749
68269
99215
64049
10985
16838
61847
44458
89230
95028
79478
88835
2210
38820
88294
32310
61481
3149
53857
63014
10825
55165
10379
63984
19278
94892
68586
95580
65519
93951
3112
54409
24223
24260
19172
32776
66960
83473
47011
10733
89355
10747
32282
38465
79895
24206
39876
54975
81820
14121
76262
7158
16350
10458
7901
49321
11359
56920
51645
16316
26269
84492
35759
76841
66623
27847
49221
11169
18027
52521
89058
9834
79739
41557
34955
88333
94159
35191
89457
98306
46359
91883
36585
43799
49751
99440
45114
434
63804
25647
46199
96429
34656
25182
92408
84815
40351
55193
91839
24469
32500
21435
38839
95290
56278
59263
83580
40913
73644
18152
32826
37003
12649
40599
2137
42501
67449
79516
31564
53455
18086
70484
88249
52016
25789
94393
41669
52803
7048
43008
86555
99070
46559
30146
77254
28670
2045
98873
78262
36152
31889
90463
63802
44934
38600
77713
91584
74564
1735
13705
51593
21971
64347
82301
8825
69126
31598
58202
46768
99845
35763
