73808
76527
16658
34288
52667
93501
18864
56943
51511
47770
4206
67954
87771
27347
27286
20657
41007
14545
20885
72108
6654
35331
13441
57749
59458
42237
24168
41399
9097
72554
93218
96762
19280
40566
18535
81753
37870
19378
79197
166
69147
65108
36235
10838
79177
48019
95014
37521
4803
39245
52932
68449
59079
58247
77761
18991
24681
26138
82244
14950
25732
14157
52992
44439
99858
59211
40272
40611
19208
34699
73721
72323
84298
20840
43705
30448
6344
38331
57098
2751
12334
65697
57790
63077
73159
81064
46819
57984
51245
42542
16869
25246
25622
30032
11080
88884
54209
80725
80452
39138
48674
94758
97210
52486
2918
54839
73276
31382
67461
88322
48457
51979
15596
94385
49994
40583
69226
91929
83530
75635
19680
5613
43233
5742
93238
56990
45895
26705
38603
38558
9864
3798
98290
68787
72597
69501
29430
76327
68933
83343
35690
21426
11248
78811
96157
71202
27240
90644
68722
83515
95667
74776
59395
63427
91184
95124
24241
85008
45956
71649
75849
93820
39171
35136
6225
47829
78571
81257
73257
92849
7337
45488
5620
30188
82978
28915
23642
21037
14191
80166
78235
74945
57331
24399
44280
82677
62871
66384
67645
72882
37809
96606
89354
33643
91765
64384
57879
88836
18188
70566
25737
81229
21508
74835
78744
94825
20455
66192
85340
85538
18739
38564
74780
73748
578
99689
59591
64730
908
73794
31650
24077
1707
38514
60994
50265
10627
68016
18594
67588
8467
28389
37597
74587
15487
39169
59686
79855
56359
71645
74920
55734
77177
95198
98279
29974
65503
67911
38902
23179
33746
9932
2455
70987
95876
81877
37638
78451
54877
32633
70741
6322
90848
54210
57435
87822
83740
58514
21954
69179
93141
32525
69441
73234
30376
93557
63113
84829
93662
24049
97267
1911
10556
3184
29573
69403
35191
80255
25450
21842
88005
30765
26452
16379
81844
17534
75510
82018
7088
12128
77869
41521
68844
25069
9846
5794
43113
14129
74216
97979
80998
72839
74213
61991
75868
54308
34429
27090
3405
65999
43067
98137
14843
14099
94689
98948
52542
98239
57697
43284
57249
51774
47693
74022
61333
45176
13805
6335
63098
57015
33063
80189
97993
94526
55706
72215
25681
10930
88375
98813
59518
67651
86925
36312
75488
83579
29422
32755
79478
62569
11174
10688
58376
9892
90931
66369
53965
48567
18256
47156
24208
63474
51967
68444
62578
50534
55412
13640
95226
15025
11329
29100
15452
73716
64475
3358
3024
2254
4786
69181
71535
98578
4025
7789
87738
5497
21772
87562
8111
13754
63698
40638
29272
13449
58490
30375
96832
30323
8999
11267
9542
49072
96044
15641
89795
5019
72074
21071
5487
86547
21405
16032
1542
27832
16540
48500
2622
16757
39761
45147
84995
5918
27218
1884
97118
8626
14181
84080
56167
24232
10811
44050
756
14804
83280
8131
29249
73877
20538
91405
69287
99332
55204
71993
45390
13853
53536
26624
27016
77327
74055
93626
81018
43117
5113
87394
99957
3196
15669
35388
88543
2769
21286
86675
34531
43261
43809
12903
46783
66701
74683
60359
92943
6875
64028
15466
5656
98442
49842
36167
48493
62472
58789
77096
18252
75390
75752
59291
44818
71001
91452
87656
38009
67972
49752
91472
1691
8112
22077
58210
56925
8364
14997
91498
39835
63419
61289
82007
96056
58448
13833
88308
246
73092
34087
47162
23799
23648
61462
45722
14103
73936
29700
34221
9269
25855
97529
45888
1566
56773
22304
99976
57263
93288
27977
49739
80649
10512
3940
71867
73492
94073
25396
31684
5285
94249
78737
60776
89610
44090
36573
90221
96161
73346
51317
98620
69607
16825
8463
93759
37278
71783
82495
14447
50556
29124
90629
67665
91449
80410
95464
22739
37700
74489
52356
70934
81329
10614
20537
36946
83189
35931
22080
67220
94342
26123
91105
58642
27804
15633
54893
6355
9942
86119
14412
36409
48447
56400
74179
60848
15440
19243
15328
39813
59706
61119
6129
84687
95762
33324
75497
74584
77686
98222
17742
87330
21903
99997
23520
94569
9175
8816
54649
64677
90833
14361
92720
61953
13506
1724
73036
27807
27222
13915
90607
83288
28257
6792
68919
92331
82189
77376
33043
52009
86142
79906
69361
30901
38323
59887
93975
91473
57074
42695
44005
2627
14570
87643
37419
21780
55717
15671
21010
71342
23706
24214
8611
65795
49788
52729
56675
44405
96898
21516
67722
59432
41194
54619
62618
10280
99424
7676
56969
93648
37852
40792
55373
42204
53519
21801
37402
54556
29621
74757
74586
4317
1973
20468
51006
37468
1876
25926
40450
8285
93150
49587
28425
98840
30436
4995
22962
258
71527
79523
89160
60728
24037
49036
51370
78836
67206
35824
70491
61399
2650
15348
47450
14068
84685
75341
44478
25008
25544
75679
74783
2199
46371
15585
64956
32794
80195
84156
48315
86735
62584
30496
82678
60770
958
35648
32178
528
102
81589
55082
8830
13545
97066
33
68945
42656
646
44140
75186
49545
30545
8566
82610
67038
24523
9843
24250
50956
86264
28019
19939
5670
45568
38381
59905
61502
16026
2547
1637
94320
36587
92190
6751
10053
36455
32618
2352
69321
29950
5441
22674
83854
32803
12857
58315
45237
19961
71127
25579
99044
66130
46031
63537
97306
43683
22935
57187
69600
45233
5328
65633
65774
25278
15413
60825
71104
80366
43447
32811
73732
92803
35385
7889
734
90218
31699
72144
61839
6602
28791
69121
59016
81670
94239
85757
85582
1398
83477
68746
95959
28770
95860
37095
2040
46137
75588
36236
21202
21836
56796
93460
31714
78972
84446
52677
43766
94547
43702
78185
97798
23291
5238
15774
7662
92779
16718
70702
40211
45340
3289
78753
12660
5022
23699
73186
35442
9610
89753
59110
21344
95814
22523
86028
19962
9939
28912
61228
68335
90298
85904
28394
59488
42897
23476
69743
21372
32314
17961
63270
46545
93833
31762
26674
99899
39620
53484
18464
60528
28404
40864
26546
59363
51340
64294
78273
97223
46983
34994
13607
58965
15494
49325
87231
5088
89256
18961
85490
13856
60844
76353
53878
14672
42203
96174
85712
44318
63659
31223
19267
86329
92865
62965
15050
1708
28626
97252
11333
62244
55873
86836
17224
94673
80415
5028
37815
50690
2526
43526
82460
58091
61836
70015
33186
61736
57489
67168
13473
57748
92755
20749
38773
26353
27339
95375
13418
65793
77065
49766
30185
94258
57804
25309
23316
60646
51987
87638
57542
87641
30682
78447
47437
2152
79577
90066
4768
15151
41017
42028
61929
67653
22371
21506
60348
62608
76998
71457
25641
66010
89062
98096
93504
7074
37672
2381
21559
10303
22241
12512
37793
50548
720
90718
83762
97659
56005
89898
65976
78199
81882
59430
25821
12772
8866
79225
27689
91417
8906
76169
23777
52216
43494
61205
48673
25073
71432
94797
7299
42985
81436
24503
13580
10658
92512
55558
36871
66545
65800
84384
30734
48502
32505
92763
33219
71933
65648
53254
23081
36245
67285
60960
37805
62590
92152
78268
72928
51305
26924
86
27350
16428
41936
27961
51275
17091
58947
71242
45259
45715
81575
53833
41376
11910
7856
97297
41148
69365
58493
9143
79140
96988
64649
47973
35510
50034
5751
99713
22727
96284
95444
36473
70810
36321
60038
14260
77170
95606
59699
24992
5830
9249
88642
53433
32684
8665
70169
52581
10859
57178
42981
69357
72227
51647
92325
98353
90583
13693
8224
19545
82400
99124
36334
50893
11493
40372
20287
97147
54734
61367
40644
64128
88875
33214
57702
92425
90784
32608
73512
65528
4551
43626
61307
87059
87534
44212
71886
86190
80443
24665
74761
82537
66720
89076
57478
10992
50068
79400
1114
49231
82767
54093
46144
97135
41301
82421
3853
63185
22915
86852
35763
45745
63842
34069
28239
79230
35058
97396
58007
29235
53312
82755
79812
81555
19375
77580
20096
85934
99514
77498
96496
43757
20080
23850
15515
3999
52607
3839
3155
22984
71334
14360
22406
54475
91403
72075
45261
73856
52823
53604
80102
48337
23297
19744
38213
97824
12640
14372
14352
22373
91015
21713
45076
602
89479
66167
2258
41099
43382
15046
54543
55889
25403
37863
97345
85879
28432
90977
2723
94330
76790
65151
41747
72565
53427
27812
1758
19418
51427
56630
25511
77483
7985
63372
81069
29647
11128
76054
49001
52366
53692
93798
93070
60938
1030
60336
51536
73681
8924
85888
25485
86503
44386
13862
95826
55411
77721
325
93239
38220
36877
18113
98007
47773
45677
34873
16108
25878
24744
50017
2347
8622
18556
43585
4104
33962
86419
68211
14474
5619
92994
84908
93038
50879
32736
79042
24359
94697
43750
68859
61374
83294
5155
57774
52174
31047
38013
8542
80990
25860
46803
26288
18375
22617
24683
28644
5009
96493
17549
42754
43690
82102
2121
26928
14662
1551
55157
52790
51078
99966
51652
26044
11240
48214
47783
71118
18295
56279
45889
82365
27113
630
9698
43707
93821
38735
12499
26495
72122
49747
26616
39289
26305
60836
88275
37709
30258
43921
23038
65742
61630
54757
87151
39720
9732
34990
78879
42299
25320
11599
91229
62428
91661
5322
33144
44486
69689
40155
50529
54348
91446
63967
43128
19602
83610
6968
43428
41251
10768
63218
15279
58719
46398
87918
37359
31035
36708
19888
15507
30009
8591
82514
88187
21163
9355
75658
30683
73058
19506
14367
54761
14242
64003
27343
22632
78761
96299
65020
93730
47169
53856
13933
32832
708
68427
25095
46982
71918
95345
37661
7394
46221
30145
370
72682
5832
27877
99667
78558
30397
15686
78490
98198
36020
36918
79013
17801
53182
86316
58889
10391
69913
28615
18667
29769
16802
85893
95906
58071
3570
98559
65741
84403
6438
7306
80721
12043
316
85803
99553
11129
7998
78481
9741
58707
49648
50179
93581
65863
31131
10632
5131
3776
33457
46941
9538
82142
182
1933
82607
84276
94136
37087
80273
12077
72380
86951
72408
75516
26174
76696
18913
68841
46512
4684
37747
76957
18672
25675
43691
6603
31149
99639
75201
30490
22029
86195
54704
55594
86822
83795
80722
53983
49778
31169
25506
75794
58692
27552
21553
29906
57567
42511
84052
93615
9155
74316
81137
50395
34751
27245
79497
16850
98192
97901
66944
81675
80259
95249
17366
95769
89018
11112
32382
72613
2180
41418
72657
85387
46858
80763
13880
35610
95508
92521
824
39532
78217
25569
77886
42460
17073
21768
1230
91652
56347
18871
35827
69536
96985
38049
79955
52864
37607
57845
88464
24001
97551
73723
83498
32313
30373
88252
96912
75969
99569
43868
21069
96272
46994
47551
34953
42332
72709
61574
77190
78203
74083
1993
29883
20234
73454
64536
35541
22889
79715
60111
61838
51808
79099
2747
98259
57285
25778
67736
92035
64781
39227
22138
636
4592
25484
73683
42528
73269
42208
57300
18929
88106
60503
98462
74967
93227
90166
95253
78785
80130
35054
40530
49170
36082
37603
24895
37215
75822
57269
19564
70937
15085
67157
15227
84979
88473
63770
86601
90239
49404
11234
95110
78993
35038
78611
95564
82548
53135
87090
60057
53461
46405
96682
69541
82028
75549
90532
87148
81357
74329
55350
11884
45334
77598
15237
66640
29824
5836
10168
15991
50827
52569
38968
39249
79728
86331
78385
85457
75788
20406
98781
63019
50039
61459
68976
37591
63632
355
70615
89901
75698
99678
52529
56017
33179
79679
10249
91803
1802
89939
10953
8485
79746
24384
65960
78211
2521
65121
55186
11244
40192
82128
48450
91992
84172
66611
20751
8838
49288
63589
10795
88784
15052
22588
16888
38097
96815
91060
58132
33960
46777
34673
23060
30220
61880
89880
54171
70701
22531
97064
29077
67944
50961
91726
35958
50772
95447
26912
32918
48569
67861
7654
90334
12046
58086
68605
39099
13108
41830
90944
90657
88865
59456
38632
80961
1225
54744
19127
98371
66428
60000
41716
81134
74537
2447
10934
56087
85465
77359
27199
13171
47423
73117
32249
29496
28985
73955
10662
67550
25129
87223
22273
50337
17937
93467
95531
15082
53346
63615
82846
51815
30748
62710
52812
93360
93553
70805
37194
41990
84874
45990
99135
44152
5997
23446
40549
4572
59674
28748
12435
74950
31686
23032
65209
42866
40755
58180
21061
85383
44215
26204
65492
5526
11653
9664
68686
11191
18468
13981
16298
91590
45319
70459
85691
23795
3825
7745
60161
90093
90490
80185
50235
16577
69566
47772
85765
14696
31160
18514
36209
84883
89965
14540
87746
69928
22174
64050
31605
17343
97726
3569
34238
42
64982
37211
10231
71440
27858
76369
32323
20559
37999
65724
25689
93284
67726
51948
74365
64592
90978
20601
56788
74260
36228
41037
18694
92322
63023
94102
85305
31505
68414
9157
17137
83760
16437
27720
63621
28201
70604
55014
84174
17384
24915
71559
73219
53993
1282
13186
74135
68851
91162
25378
16456
5553
56241
20119
74718
99625
86431
61188
2529
35299
72035
77302
23788
20906
80356
89167
3513
97532
7248
60903
81317
30824
74644
17942
537
40090
57515
58830
5799
2982
98545
38579
53087
24682
81837
95748
36160
63378
21431
57608
46632
56497
91402
68828
46705
49938
79956
60103
95819
27827
86332
62403
78167
35289
73615
82845
53017
63123
83723
13579
54041
51503
96877
26683
16055
87680
50610
42053
53923
6748
10676
55367
46229
94373
59217
35347
92413
9479
65349
37789
28263
49837
45304
65050
93142
82756
77344
74955
10364
98372
39400
7634
59195
82543
12905
62719
19519
51243
40307
72264
3601
70641
8799
53806
86265
40565
86883
21412
27796
51734
46124
61406
63284
67605
83928
86775
61335
4330
16700
88323
12278
51644
78941
40118
59194
24563
1877
53323
49530
51519
49298
99457
87494
15437
10644
5051
48013
44511
71113
17035
95430
80422
11400
13332
31359
84029
80947
21650
84070
38455
14177
86107
47040
88295
21640
22043
29591
48766
60243
31430
76731
16425
22704
73718
64778
3873
8619
99551
45320
67669
41680
71395
84187
90167
13954
7341
98050
36531
39341
27809
65260
46385
99061
63333
32580
63973
66250
54637
62768
93224
95176
52709
17587
37874
16640
5267
16161
58648
67596
14136
88659
33645
38223
81060
29652
73233
27570
57570
47713
95219
13117
60240
61036
97616
24765
53019
41282
2962
86742
61726
75950
65875
72389
7613
33762
56404
67742
50554
75229
68306
94496
87013
19679
95910
1963
71417
65933
10292
1274
37803
14028
33598
43775
75909
41752
80659
91331
70399
90375
73083
42786
2613
28858
60531
43533
30987
19656
7781
24282
46863
81991
28946
59612
83133
394
20900
8842
59247
10387
12300
44309
21563
46756
14060
72917
34227
99960
60217
5522
35989
74154
90609
72614
5282
58551
5480
83501
53691
56373
39401
532
10167
93389
62660
26345
22664
30335
52701
41603
55278
59818
22510
72778
95140
86970
70243
84881
41582
55449
81464
99081
14036
24851
48285
74456
97982
2162
25848
38899
91063
711
55134
85130
83395
30570
57852
7001
31081
44310
64604
70586
99934
67773
77124
38320
75076
3716
66533
98497
65730
70814
55579
94138
70017
38458
48175
28975
24328
5061
17699
13346
17818
15140
92376
53398
69
38119
29937
73591
16182
20193
44809
16546
45719
32539
44441
48864
60407
81297
15744
75736
31497
39141
75188
59538
95383
55298
76849
26832
45415
7138
75932
1951
87816
62061
55587
7278
5676
76461
49229
41698
98938
41279
83652
84909
66160
18086
32333
50583
73311
50831
22750
28196
48010
86191
5957
63232
18598
55674
86285
80434
37255
76150
11795
5439
38339
95016
37581
69089
72428
1362
99959
36960
12853
15374
86818
32481
95857
55414
67165
13679
67350
16806
50416
53209
35276
72975
57419
73395
52821
35554
8587
21673
12989
35698
54971
71225
40096
92997
77889
8253
91038
13699
54474
16233
40394
77342
89114
79580
13146
12266
632
30440
59850
23275
65567
3300
3402
29825
55460
66176
93822
92687
62234
1756
54039
92889
38206
85781
23920
97273
66706
24589
41643
86981
57356
31938
79904
24432
24705
63531
46585
17520
2557
35523
22731
5888
5810
87731
57720
29874
17476
82907
98273
91750
80424
35551
61755
26238
13195
74632
76727
67904
80663
34439
37652
39875
22265
52399
61267
30609
69647
41980
60946
30116
82896
52456
2592
88866
92328
2083
93019
94964
6446
95787
7820
41541
23189
41704
63069
10513
1977
86763
70209
9869
99346
5833
41474
12151
77095
94304
73778
24919
39963
50574
70185
64933
97285
38122
26853
72970
6004
40360
26410
66864
7828
90622
10024
56189
58125
16241
67242
84002
83401
30776
85474
9015
24862
88597
64217
32764
88815
26243
98461
74655
75645
79208
79484
61410
41522
97855
38147
81160
77873
52571
79820
44789
88449
36118
31680
53870
15939
69133
61149
8852
54792
97922
62743
93122
33447
75787
2195
32181
76324
31121
39923
63092
22348
72677
41414
85147
20291
13110
67797
5225
49643
65906
34734
54173
48146
64022
28247
12236
42178
52505
21535
32078
31806
58963
29055
29948
680
87188
7773
18727
71354
44292
16335
564
22609
48136
75329
88374
74419
73113
69141
59439
41595
54510
10265
15060
86091
42943
2901
12967
32046
4779
33317
41377
14347
29959
40968
5021
20316
66066
3203
84388
76235
15862
79521
42400
21753
15963
30960
90028
52736
3622
75458
74528
40318
80310
80572
48591
42161
95344
20078
69302
61421
3212
47424
57494
48014
76725
34205
33663
39180
61666
18975
5297
41663
84784
72026
96562
28088
77311
98334
11167
7852
30293
50388
92739
62082
56785
60428
43498
305
6870
22353
11932
30044
52547
66519
82284
9366
45368
75742
85830
98853
2658
66305
77055
70853
82784
6613
59058
46355
19900
40340
9580
82782
56792
78422
81293
17025
32571
69845
24640
91752
30216
18520
46908
16759
37547
3226
78347
36139
35550
63153
93706
59727
39901
30368
48966
89421
49426
31312
12732
7606
17732
19089
52159
13101
96313
33183
78324
48377
95207
21090
67783
91742
77771
59576
90174
23677
62013
35476
59860
44186
20429
32204
64772
11365
45563
70877
32560
40193
94699
85303
69956
54578
73736
25879
68507
5818
61517
6480
19212
41504
46553
50158
46817
81460
13303
4276
65905
28348
54360
30136
87487
86531
16003
83630
48926
37405
89416
62680
10835
29245
39754
50867
68381
72354
54816
56596
7760
10266
6894
21222
45399
81954
35686
81615
18662
38410
19393
18516
4070
64577
31015
32007
99141
99290
96637
12066
88380
12765
95193
22280
13413
78062
56242
88823
53840
22758
50464
53792
35910
40874
69136
82364
65938
25987
62742
24803
1728
52391
29195
3462
74931
14605
29584
39678
53753
30344
73598
62235
63367
63614
88059
71654
19653
55491
19627
28766
36937
53939
5056
12214
68987
54434
66580
26715
80615
42443
59557
61349
49989
14190
81561
68903
21781
71883
4246
90804
12304
61985
78191
42980
33004
65095
6593
88131
55068
17330
14785
47859
7668
54664
37924
90835
77500
91185
51129
10580
87142
11989
4519
69673
87896
45868
77759
19553
50531
77734
63540
30746
15090
68005
91503
21882
93099
92120
46290
59045
93356
62253
65077
18690
51117
41341
33825
72220
17269
23387
81035
99208
53781
18009
98179
19177
57440
63343
12195
61983
79351
86861
51110
90916
58994
59536
30891
36963
36375
64652
28476
7748
31758
11135
86122
96503
97946
16254
2263
54990
75261
1900
45392
