291
356
445
553
597
718
726
925
1007
1013
1077
1134
1238
1349
1417
1616
1754
1776
1801
1822
2019
2074
2201
2385
2552
2558
2574
2620
2624
2628
3018
3257
3344
3436
3467
3772
3792
3917
4218
4436
4462
4468
4738
4741
4750
5464
5510
5518
5551
5619
5766
6130
6149
6187
6201
6237
6274
6304
6387
6539
6609
6651
6682
6732
6941
6956
7085
7155
7284
7305
7392
7498
7507
7566
7670
7732
7811
8135
8180
8272
8344
8494
8694
8721
8801
8868
9062
9110
9150
9170
9288
9324
9535
9571
9659
9709
9839
9850
9868
9879
9900
9944
10033
10088
10105
10155
10266
10659
10862
10914
11111
11159
11181
11234
11281
11439
11495
11500
11589
11665
11911
12078
12205
12319
12337
12508
12535
12578
12711
12886
12929
12980
13074
13300
13328
13366
13421
13607
13654
13768
13825
13847
14358
14373
14448
14582
14643
14661
14682
14720
14781
14907
14984
15237
15381
15528
15634
15723
15725
15819
16096
16105
16182
16284
16369
16518
16566
16885
16902
16980
17036
17099
17304
17553
17563
17786
17948
18117
18158
18223
18440
18493
18646
19013
19251
19257
19378
19519
19520
19572
19648
19740
19772
19813
19814
19889
19906
20033
20170
20316
20583
20638
20875
20884
21032
21044
21085
21118
21136
21397
21471
21480
21508
21678
21696
21938
21965
22008
22019
22175
22203
22332
22458
22567
22643
22765
23048
23091
23170
23271
23531
23724
23805
24221
24312
24426
24462
24480
24561
24651
24869
24970
25043
25135
25252
25292
25387
25469
25828
25879
25885
26126
26378
26408
26598
26692
26696
26716
26838
27018
27079
27177
27332
27425
27572
27622
27823
27851
27900
28134
28207
28453
28470
28561
28661
28663
28668
28913
29017
29113
29196
29201
29206
29241
29348
29360
29396
29417
29477
29488
29835
29836
29843
29879
29889
30061
30065
30105
30167
30179
30188
30225
30366
30409
30541
30623
30796
30920
31117
31441
31483
31547
31731
31766
31821
31848
31886
32087
32164
32438
32482
32516
32607
32655
32662
32742
32764
32840
32958
33155
33192
33229
33268
33502
33519
33610
33738
33904
33937
33984
34156
34205
34267
34356
34433
34487
34626
34735
34772
34905
35227
35490
35541
35551
35611
35681
35754
35966
36195
36229
36260
36468
36609
36683
36734
36739
36894
37007
37750
37832
38046
38190
38266
38290
38335
38472
38482
38516
38555
38632
38637
38873
39011
39039
39258
39332
39347
39374
39719
39732
39815
39826
39848
39888
40178
40180
40298
40375
40422
40457
40723
40766
40770
40838
40844
40857
40883
41053
41078
41083
41216
41244
41332
41541
41630
41660
41899
42001
42149
42170
42275
42381
42529
42540
42562
42592
42616
42630
42705
42744
43173
43203
43233
43236
43314
43369
43683
43760
43894
43938
44018
44329
44347
44358
44379
44403
44684
44832
44924
44946
45063
45134
45140
45156
45273
45296
45438
45466
45481
45675
45766
45770
45817
45837
45865
45968
46091
46209
46490
46516
46587
46703
46787
46832
46909
47019
47188
47316
47429
47573
47599
47644
47647
47650
47792
47831
47987
48298
48432
48571
48586
48621
49302
49477
49642
49689
49764
49767
49781
49895
50018
50022
50155
50220
50236
50300
50335
50381
50455
50473
50476
50493
50502
50534
50540
50590
50694
50881
51166
51195
51275
51362
51560
51693
51722
51771
51850
51937
51992
52063
52129
52168
52204
52220
52439
52531
52931
52987
53130
53320
53345
53493
53620
53750
53884
53979
54189
54504
54573
54688
54824
54920
55117
55188
55278
55407
55448
55467
55474
55884
55899
55970
56122
56131
56157
56432
56455
56470
56523
56631
56809
56839
57048
57234
57262
57347
57475
57747
58206
58289
58404
58425
58456
58517
58647
58685
58802
58844
58898
59049
59052
59065
59289
59368
59471
59515
59558
59745
59896
59912
59953
59974
60146
60176
60203
60254
60316
60462
60539
60549
60689
60698
60932
60957
61014
61035
61164
61229
61428
61436
61465
61578
61585
61624
61657
61663
61665
61832
61917
62050
62056
62158
62217
62261
62272
62371
62411
62483
62488
62543
62713
62875
62964
63283
63361
63459
63507
63535
63702
63986
64265
64388
64400
64434
64496
64569
64580
64721
64827
65103
65189
65316
65324
65329
65544
65618
65626
65682
65726
65766
65949
66002
66037
66090
66234
66458
66527
66534
66683
66686
67079
67134
67141
67237
67255
67458
67470
67480
67550
67557
67913
68058
68121
68284
68484
68713
68773
68817
68842
68997
69180
69211
69302
69403
69413
69428
69458
69493
69615
69779
69851
70267
70381
70391
70404
70482
71147
71322
71380
71459
71489
71528
71559
71655
71678
71681
71749
72442
72536
72678
72916
73052
73065
73222
73467
73492
73810
73912
73945
73981
74052
74082
74124
74167
74172
74364
74660
74829
74878
74898
75224
75373
75514
75517
75538
75580
75659
75724
75817
75831
75928
76088
76170
76186
76265
76627
76797
76828
76875
76890
76893
76953
77082
77093
77111
77517
77625
78070
78225
78555
78616
78640
78653
78665
78694
78879
78931
78943
78969
79018
79112
79159
79169
79521
79589
79658
79707
79797
79923
79928
79990
80000
80289
80630
80641
80721
80778
80847
81040
81227
81311
81350
81526
81694
81934
82039
82072
82116
82130
82143
82240
82349
82381
82622
82645
82678
82728
82751
82877
82915
83045
83242
83347
83465
83479
83495
83542
83587
83596
83673
83682
83691
83761
83794
83878
84084
84238
84247
84277
84283
84552
84574
84672
84683
84690
84989
84999
85057
85128
85374
85415
85428
85627
85680
85893
86031
86081
86089
86103
86286
86428
87141
87205
87351
87509
87545
87582
87863
87940
87956
87964
88043
88237
88262
88308
88330
88523
88560
88842
88858
88863
89046
89162
89505
89524
89536
89781
89876
89914
89919
90032
90208
90259
90261
90565
90648
90649
90721
91137
91299
91346
91357
91372
91444
91448
91462
91544
91675
91775
91796
91818
91930
91945
92048
92161
92400
92451
92560
92646
92661
92769
92833
93131
93339
93845
93875
93991
94104
94165
94349
94394
94498
94518
94713
94849
94891
94925
95070
95126
95158
95210
95219
95229
95327
95390
95391
95553
95803
95863
95887
95954
96132
96230
96572
96822
96902
96907
96952
97162
97186
97427
97596
97673
97730
97748
97834
97944
97953
97994
98050
98199
98278
98332
98532
98572
98628
98805
99003
99005
99276
99400
99411
99469
99553
99608
99682
99820
99864
99882
99957
