8006
8257
2745
8070
8783
6347
8840
3067
7469
8629
6177
7372
9152
6876
3108
2222
3547
102
7472
1643
3524
5922
7128
6672
2882
1925
9047
337
8127
5326
8566
6931
2116
8758
7913
223
4425
1067
3357
5645
590
5895
1085
7760
4147
8498
2008
8002
1344
3817
538
8885
5541
5585
6163
3741
6267
3528
3364
334
6650
7878
328
2135
3089
3251
6809
5353
5477
975
9398
692
8637
1671
2505
1555
3789
9558
429
9402
6138
7584
4284
2164
3045
8425
4779
2521
3118
1381
6692
3474
2400
3558
7411
1031
5037
4859
2597
2067
9910
4823
1877
9693
3328
8186
8467
2997
5171
2593
447
2744
9730
4398
8926
9991
1549
5251
5614
8110
1789
4416
3898
9699
6256
9375
8687
993
1974
5839
8873
2017
7526
3632
286
3138
9783
4803
525
49
7823
5764
1982
3619
3185
202
5162
9468
5093
6842
1009
2292
8156
919
7815
1874
2460
9684
7914
7695
6469
3496
5115
9777
166
5316
7889
3411
7194
2665
9713
6406
5349
3828
6946
8769
3542
4759
5984
3878
8554
4874
8899
2771
2386
8774
3366
7880
7716
1775
8187
6738
6677
7876
2321
7022
9257
8482
5943
210
375
6523
4034
2529
4453
3215
5295
8098
7792
7605
8807
6275
4850
7399
4938
6944
1382
1360
2921
1483
5500
9685
6618
5611
7406
1522
4885
523
1734
6042
1981
1218
5229
1656
1118
987
8948
8438
2863
3368
3999
7865
2730
379
4529
4286
6098
3321
4871
1519
2838
3417
5433
945
6891
8837
5271
1653
3982
2634
5926
5305
9371
3201
4550
2455
4659
3797
6417
799
4701
9159
2940
8363
5917
5035
7561
7371
4216
411
2788
1632
8306
1933
997
7785
3777
4760
4433
8598
5198
3582
556
5680
6376
8357
6360
541
6914
8492
268
8932
5415
2496
8636
4432
5079
1524
3848
7136
1934
7197
8585
2774
1081
4824
9842
4205
6000
5011
9675
3976
333
2113
1895
2697
7882
2022
6758
3208
6546
6485
3933
1099
3574
697
9774
8407
3475
8835
820
6564
3133
9302
790
6429
6034
9805
9520
9884
3407
2183
9939
6889
3023
9342
1017
5333
4502
559
8748
2753
2202
7998
2993
2363
597
2841
7590
3301
3194
4486
3717
3912
9466
4833
1873
91
8627
7293
4907
2435
4215
1820
1159
8421
8505
2471
9960
498
2798
9736
7513
7023
8194
5838
442
3903
676
1112
5968
6483
8336
8723
2251
5101
4683
4001
7927
9664
4121
6119
510
3104
32
480
3261
8644
9234
1135
4427
4448
9883
9369
2151
4000
3313
7221
7111
9609
7240
8397
8821
9682
1927
9206
1165
6686
8199
4604
3506
8599
308
7860
4137
7137
4167
4624
2723
8800
4902
2955
5523
3406
8520
67
3661
9809
743
6874
4727
5640
1224
9875
8413
6890
7512
6771
8860
2477
761
3376
6167
4712
1735
3779
2231
7527
1457
8120
2242
3377
8391
9274
9171
8453
9129
7633
1787
1860
7909
3326
3577
1463
3036
1879
7693
1172
9974
8660
7622
1990
1968
3416
6118
8897
4637
3967
3351
8451
6602
5697
9811
4413
3794
3858
125
1180
7310
6159
7800
3936
437
9953
9574
7441
5712
4322
7239
3509
1618
8181
9127
1996
7428
8556
1241
7057
9985
2892
7537
2935
3834
4527
3223
7473
1193
8054
3703
4869
7374
5733
5188
8650
3694
8250
7458
5554
6412
8317
7647
7161
7328
4242
384
4776
9601
3323
9786
8981
2618
8755
1495
817
4981
117
1243
7367
3467
2355
217
5983
9983
3839
5955
838
1885
7270
7091
6691
3879
1497
3008
6176
4826
4960
6991
152
40
8901
9844
6819
438
1850
929
9522
9451
7631
1128
5098
6922
4105
1291
6174
1018
5309
2199
7052
2851
158
8232
1865
2627
8938
3173
5110
6097
7796
7980
2408
6328
6194
3264
5186
818
8779
3964
7093
2002
2824
3679
5665
2294
6344
8340
6603
2297
3157
6009
2917
9128
7543
4199
8400
1875
7396
3468
7833
2451
4666
1613
497
3349
5636
6604
9332
6208
6820
2375
3798
3454
3057
8602
8557
3556
8743
6789
9946
7674
890
3507
7606
961
3365
5781
3738
5693
3367
9263
1450
131
8291
6418
9368
1323
500
6596
2367
7741
6953
341
3919
9695
521
1222
8311
2141
4049
9011
9993
2208
7459
7593
1724
6055
8911
3248
2944
8369
3801
6669
77
4198
5811
2724
8607
3339
519
7574
2569
8570
9716
4852
7252
7025
5805
9676
4266
1740
8952
3054
8131
1620
8415
5864
6975
4052
5303
6050
7666
20
9196
9819
5810
826
4775
1901
7291
1201
6447
2301
7547
7207
3168
6424
5154
9048
6976
881
9235
3734
4807
9256
7671
7062
6900
5906
6168
858
1556
2721
4383
555
1931
7471
7085
7313
1203
3938
7972
514
7418
3902
1282
856
9655
5668
8969
2473
426
2690
4523
5793
9904
2576
6101
4626
854
1292
4796
6046
1795
5019
5257
646
6666
413
6662
631
1551
2725
1448
9740
3395
186
804
9829
3837
6082
1964
351
3095
3662
7065
5102
1256
5828
9473
4290
786
2478
3693
5090
5548
5561
7838
7953
4206
5539
5813
5562
9418
6372
5829
86
1916
9189
2266
6044
6524
8183
1137
8655
7339
5155
2129
3956
1365
7731
494
2299
9194
1244
5741
5163
7705
4084
4431
155
364
1187
536
7965
5521
795
3587
7790
9268
1395
7901
6361
211
3940
7853
8262
4488
612
7237
9718
7867
830
8226
6720
5520
5929
8812
3765
3850
3093
1119
5878
4112
8534
7159
3913
273
8484
6110
4620
1250
9879
5992
3910
7080
9040
3083
5402
3256
7545
7379
5496
2322
3883
7126
2761
1955
2687
2927
9551
8277
2127
4017
5194
7814
304
2013
3441
7284
4687
4580
2110
3854
3153
7360
9649
900
8427
531
1942
5498
5677
6058
6556
3408
9018
1433
7793
5661
7832
3627
4753
4371
7502
3595
4747
5869
8140
3870
4412
7668
3763
5129
3721
5660
4857
2410
9759
9931
1810
3503
2180
5219
7639
182
6584
8464
3727
9440
751
9408
6474
1589
2524
9546
3584
4717
6776
7324
1839
4459
1083
5935
7786
9008
6067
5487
2874
7881
9238
5676
1708
9300
3380
8501
2241
4246
3209
8062
6105
7489
7594
4027
4036
3540
6780
4943
4769
8693
8785
8615
6644
2504
9990
8614
190
6744
1847
83
3576
6736
930
791
3361
2398
9217
2168
5387
5557
9233
9968
1136
9733
8497
2276
8106
7763
7670
4423
626
8725
9114
7402
6109
1976
5146
7566
9761
4235
3772
6116
6774
260
6289
1615
6966
735
3516
5452
7060
8775
2906
2612
7384
7975
5278
8880
648
9758
9465
7868
4896
1697
3413
599
4862
1588
5692
7011
9249
6268
7983
5369
1169
6525
3905
3601
3392
5852
6832
3434
5673
3066
8031
4259
7714
777
3882
8546
3571
4330
4906
7342
3502
9213
1390
9071
460
2072
841
1033
8364
3646
2028
9683
2853
3864
6952
5820
8047
2696
3617
7148
1962
7993
758
8964
1157
9226
2193
4890
3464
2020
4064
7529
4406
8347
2591
781
8105
156
4277
606
1527
3781
5407
8200
9329
9224
9107
6937
3246
8354
3438
1892
602
3183
3714
9111
4062
5053
1447
8402
7919
6164
5179
7001
5497
157
1404
320
6491
8327
9606
7479
6345
9415
6169
1066
3866
6619
6298
1743
7186
8382
1819
6143
3944
5435
3626
3396
8356
7168
2166
2308
6580
3325
1920
2584
8112
4917
1889
6609
8435
4072
2635
9020
2012
5254
6886
9800
7795
1101
8559
1852
2195
4718
8990
6128
7522
1283
3847
9307
7976
4310
7874
8027
578
3931
8330
5577
21
2835
6399
8320
9527
3238
1293
6878
3307
5308
9954
6954
107
5116
8302
1245
6209
2709
8252
887
9938
2415
9618
7564
9269
3812
8101
9880
2453
5426
3957
7405
5026
1744
6028
1297
6121
5085
5702
8973
5128
1728
6936
6188
4002
6179
8603
4662
1500
5608
4391
6383
794
7492
3026
3213
783
5473
6645
7265
231
8073
9512
9627
8344
5581
8971
8661
9216
5780
2909
445
2362
3676
6333
6215
7646
5650
8149
957
8253
9672
2765
6291
9616
7535
4899
405
1212
6847
607
6743
6629
4348
2206
6436
4399
8041
7990
8075
2588
9487
8102
7698
962
8404
3701
7385
1492
1966
9599
7439
2174
8121
5881
5221
2820
1143
7308
1210
4479
8796
7064
3193
1826
2670
8360
2307
6512
5328
6835
9567
7508
9289
6230
4992
6535
6749
9652
8473
9833
7973
6901
7183
7307
5988
5580
9995
7323
8732
315
8182
7257
5013
5284
5762
7804
7107
5364
2804
6077
7736
4724
3061
7669
2121
3655
5014
9429
5530
7659
2886
9613
5648
8989
213
2891
216
2950
2412
3171
7754
9950
3143
6816
1407
832
8672
2172
6942
9260
7842
5841
9176
5400
4126
434
1673
1793
9818
6236
1228
3512
50
7994
6792
6506
5534
6012
5203
5428
8428
5536
2030
6934
2055
6113
7198
8133
1071
3699
1999
2066
4572
3300
1368
4676
1048
3385
9349
2785
927
3785
6962
9538
9719
2427
9229
1985
4378
1871
4684
9121
7431
7386
3745
5012
3904
3288
2992
8945
4658
5632
2336
70
1554
9201
9478
9230
5884
5165
5112
7227
440
3873
5378
2547
7719
7003
5842
1097
7007
8065
5749
9200
8923
6084
7855
8368
9106
6129
8764
4996
3979
9000
4179
7709
4223
4810
5
8441
1827
1036
3823
7477
9384
8084
4436
6560
14
6623
2945
5959
5296
574
7676
5522
6781
2132
1089
3331
1639
3076
7145
9052
2389
5695
7580
5696
7721
5658
7962
4785
5785
5391
8841
115
4944
5720
4961
7004
4892
4710
728
8716
4916
2854
3206
4597
7770
4911
4194
1825
1855
6080
338
7319
4332
6551
8228
7102
3816
3951
5594
6505
8270
3620
8617
5513
7764
7236
9582
9276
9318
3665
7567
7066
9356
9386
471
808
2800
4546
5250
4822
5981
5057
5987
8654
7766
5153
4281
4722
6600
2344
3445
9266
2579
7873
5445
4746
180
669
6615
9640
59
8612
6391
3536
5492
3258
7235
5051
2245
9936
3927
132
1123
1219
4496
4350
9480
8647
4748
6252
4989
7660
2181
7718
6990
6450
6191
6705
8737
4505
3424
7267
6104
9997
7988
8040
5888
610
6375
8549
3293
9305
5960
6667
2361
6507
1251
1474
3291
2968
5139
9479
1434
3275
5176
5703
4809
1301
603
6431
9359
2861
9167
1337
6325
4932
7603
4145
8648
3614
8325
9651
5358
9847
2646
1060
8531
414
2563
5338
8319
6064
5210
4532
933
4401
461
1837
5853
5874
1422
2970
6910
2768
8950
7617
1362
5508
2225
1998
122
770
2777
5575
5728
9645
7474
9441
3921
8154
1726
2698
1460
2161
8586
9393
7397
8939
1436
742
4570
6480
9642
4757
2062
3077
1599
7861
3568
8865
2982
3363
310
3011
568
9745
2589
9195
7097
7940
3041
694
8511
8892
955
731
7735
3462
4012
5237
3631
3950
6846
3379
6907
1574
6280
7916
6494
7904
3332
8813
6636
7401
5173
6374
1742
1553
1220
6489
3497
5774
9138
274
6248
4248
8192
821
7852
5726
3432
844
2215
5106
8474
708
7494
3115
283
462
4783
4914
7481
9503
6066
6458
4867
9324
5461
5467
6340
489
9690
7039
1351
6793
8256
4153
239
4910
248
9153
5528
9210
6085
3708
6341
769
2717
9771
9328
5789
2608
8685
7184
9147
5293
6732
6708
7933
3070
3187
7141
710
4079
1535
3720
1821
2162
1475
9607
1909
7074
6698
7015
4858
7142
4411
3624
7351
5168
353
7084
9923
5379
1406
1152
9024
7152
7673
6479
6313
8736
2348
2932
7616
8211
7456
1425
8832
508
8143
6764
2817
1
5020
6710
8545
206
5335
2750
4340
8818
8269
6443
4279
973
227
941
2074
3444
271
2908
4096
5776
2971
5698
451
390
1691
79
6772
3178
7650
956
2078
473
8465
2718
4040
8055
5021
5444
4754
4484
3055
986
8893
5425
1590
12
3711
7465
7954
3981
3639
142
3480
657
9363
4923
5160
8169
9320
365
3774
1842
9207
4891
4509
8533
54
9913
6779
1465
3953
6888
9137
2257
2457
1080
4057
6442
3529
1737
4895
6060
245
3306
9208
1038
8550
520
6724
8894
6827
9698
7118
7451
3125
7250
9878
5551
8224
2031
968
218
4599
1721
240
9383
3618
1399
6903
4321
9083
8850
2463
3510
2849
6025
8243
5808
2155
5180
4331
797
6222
5759
4657
6356
5560
7663
1120
214
219
2514
567
74
1965
9173
3421
5448
7201
3244
2786
1666
9291
3965
8151
5394
9476
7755
1900
9066
4333
6726
5042
3047
4947
6959
9352
8593
8234
4345
2368
7078
5225
6099
9414
9767
7810
1052
5114
7096
199
6671
874
7017
1624
2512
1973
6670
6307
5131
4326
8709
4680
9286
1668
9692
1138
4162
3145
5690
488
1507
4557
8475
3278
7534
1778
1741
9116
2351
8375
5799
7101
8225
5701
2645
5779
6437
1473
7724
3606
4963
6473
7597
4113
5618
9070
5187
9232
311
9387
679
1947
5491
6683
8515
1064
3796
1454
3567
6823
9108
270
9296
6100
3105
4986
9102
8118
6259
7884
2678
8045
9872
6554
9539
7452
9728
7214
292
9350
1531
5263
4733
9768
8665
7127
7187
985
5130
2001
9046
8204
9435
1681
1058
9400
5346
5705
705
1249
2748
1829
6967
6787
1557
4214
1911
69
4493
5682
1068
4120
7426
5065
2447
9357
4320
2284
7219
2631
1359
168
6288
2052
9776
6283
7987
9104
8634
8606
265
6933
8806
5199
6632
3100
9443
8034
7170
6912
9794
7274
7701
3590
1019
6836
87
1007
8656
9348
6985
7899
5027
9258
3443
6727
6476
2846
6233
2411
373
6285
1001
2801
5606
6716
493
6712
4023
636
177
7636
605
394
486
4743
4705
9067
2497
7948
8168
5865
6363
4946
4103
9146
2623
8719
1687
9549
9949
7154
4543
7689
3771
6788
2303
7686
2998
5469
7596
3056
7941
99
3657
8918
2822
7738
528
7035
1532
2537
1572
6887
374
5429
3481
9898
8380
3579
5253
534
1409
7946
875
9434
3410
3473
4774
197
2270
6011
9976
7608
4165
7831
5961
6198
5023
4797
7620
4968
2963
8930
2934
5001
9311
2186
6092
7727
8423
7498
719
9516
1028
7546
2484
2898
13
8447
4819
6175
312
5796
6778
3415
1638
2999
5233
8069
5914
479
7985
1364
1710
6757
7595
9799
7707
7005
9464
6860
8910
1420
7353
6349
1537
7552
8180
3160
1168
3832
3808
9345
4018
9750
7589
6370
4157
340
5147
8834
4761
7149
3806
2845
463
2566
4576
3004
1000
3990
3948
3518
7638
9005
4472
3181
6977
7978
9317
4065
6270
5578
4155
4762
7448
3312
7848
4171
6321
4583
1963
5738
7040
7681
7519
5526
7942
1989
4767
8433
5025
2582
4092
6576
7283
5798
5966
732
2893
8639
6508
2975
2829
9078
2990
6255
2862
5161
1612
6486
4182
9089
503
7321
1693
7348
457
9602
5683
105
3112
681
7609
3317
496
7006
1437
5495
6106
1261
1417
3968
1995
9734
6354
4744
6172
3092
5787
9580
400
4525
2450
2393
586
3766
4653
566
5512
3245
48
3825
9895
5593
7951
5300
655
2092
798
9864
2418
876
5060
872
316
2041
1695
9197
7388
8757
8445
6802
6678
3969
4934
5882
4957
5566
4600
8097
868
3751
6951
711
324
9098
7116
1702
3827
4236
6054
5031
1781
2349
1267
9815
6869
3179
9528
169
1533
934
4415
5736
8381
9421
4335
8010
2099
2958
6905
6180
1607
7528
8998
2621
3814
4950
9560
1196
1485
3003
2501
2007
1459
487
1271
9532
3983
7053
2144
1061
7139
4210
7897
2381
367
3780
8030
1356
7218
9449
7381
815
1223
6182
4534
6300
7957
1843
1078
1336
8669
6254
8059
4581
4245
6368
1767
64
3492
9326
833
4374
9220
8706
8544
1182
6089
1191
1730
6416
9062
4538
5664
8378
4589
8668
765
7285
931
7839
8310
9680
3161
3545
6435
3930
2079
7146
2722
5896
5273
8626
1288
1560
4868
3698
3436
3461
2050
7287
5287
8913
2254
1108
1062
3861
746
1160
879
6452
7702
8949
1131
9191
9301
1384
709
7712
2000
6135
2035
8508
9026
9097
5933
4888
5867
1733
8196
1880
3167
7195
2224
3611
2600
6614
3451
3526
8227
6111
3314
8500
9481
9132
2269
8983
7443
9942
9838
7773
687
6299
8727
3561
5390
4202
5205
5844
7679
1641
9608
2554
4708
6
5868
4516
193
9589
431
8887
7059
6957
9701
1635
7273
8434
4873
9392
6859
4503
5499
4699
1126
796
1394
2061
6379
936
3653
1414
5476
990
7956
4404
2568
9769
9422
6682
1628
2076
6239
963
9455
839
2098
6378
8752
4099
8862
6769
1960
4568
4904
362
8953
9219
845
7244
6324
4082
8683
690
4035
8997
2487
3715
5320
9572
1888
5847
4394
9660
6224
9770
1438
1684
9366
635
9737
4462
2596
8734
1413
3636
7460
1481
9246
6729
9016
4232
7421
4274
5786
6410
9382
2546
3906
7630
5532
8214
6872
9542
4104
2417
5068
7843
5489
5976
2848
7658
5659
8111
266
2438
8618
1597
6155
3081
5371
2540
6296
1446
4793
8272
1807
1416
2907
7591
9027
5458
3267
522
5708
550
449
6183
203
5493
3985
3532
9934
1372
6579
4646
1506
1783
3231
410
8596
3068
9533
1921
8567
6286
843
2481
9722
910
1240
9403
9803
6988
35
5791
6051
1190
1864
1682
9677
2058
1712
149
8346
4454
7209
4577
664
9496
8466
280
1242
6262
4176
5334
5514
1426
6569
2009
1887
7989
7185
767
6006
9351
8037
608
2677
7827
8684
8589
3525
9521
6237
4987
7034
42
4619
5472
1834
3409
3776
8222
3010
8025
1948
9935
8044
5156
2809
7332
1729
831
5388
5159
9517
9290
4312
5714
4097
518
53
2100
52
970
5310
6158
857
8385
7578
7733
4146
6504
7560
5687
9715
2890
7437
976
3515
9673
9841
9340
5297
2459
4204
7430
4414
1453
4203
4184
7389
4537
978
2518
2188
5197
7254
2528
3538
6916
7568
3465
9123
6477
3429
2147
7749
2601
5545
7542
5397
3559
2409
2046
7893
1464
5990
2503
5202
4446
7390
9411
370
6812
5885
5595
8486
8747
391
9095
7967
3564
3716
4075
6190
9493
2425
9161
1091
2535
1032
6199
4846
1765
4200
6273
1749
4520
7643
7645
5312
377
1145
9860
7327
8442
1792
4241
5871
5977
2373
891
5266
1227
6090
6165
6343
7774
342
5072
5462
3412
5773
2094
5814
750
4790
3865
652
3452
8631
5730
3616
5870
3126
9867
6381
9596
8951
4830
2091
9534
5986
4426
8820
1202
3477
7073
3299
4211
1331
3635
7703
3949
3044
9647
5438
8956
8519
6475
3144
9331
4562
4220
3109
6607
3342
9632
8485
6553
9346
5004
6350
1801
3263
6555
3946
5861
5038
4544
8699
8020
3114
4827
7440
639
2182
5911
6572
7924
3043
9087
6927
2237
5893
3022
9711
4607
1869
7337
8308
9720
7246
5672
2915
3885
9662
5797
3304
3628
1188
8535
6701
2422
8898
2324
9780
6987
5059
5879
1014
6790
3684
3541
3219
5735
8870
189
6591
4329
2747
8518
1600
8523
4229
4587
5609
7018
4177
716
9264
1559
2712
5113
9091
1679
7677
2803
9034
9563
4863
6943
5236
7857
4008
756
4959
3466
3872
2823
7947
3490
2673
5341
2015
825
8313
6400
2737
1980
9134
6425
5795
5227
7199
4387
4640
2152
4407
1429
5830
4956
6803
693
6851
2781
4422
7028
2108
5543
5490
1264
5007
3142
3688
7445
6002
1529
1197
757
1441
7538
9389
9513
1676
4168
6739
5073
2931
1150
9832
4041
5985
5359
8345
4355
2479
8260
8184
4571
4940
9076
4020
187
4469
6545
8115
2818
139
4693
4408
7311
624
7322
7937
2466
3423
3613
9932
154
3860
9486
5408
1760
8947
8264
5089
2900
7576
5889
1516
4894
1302
7798
9610
7932
1523
7114
1804
8060
222
6634
8864
7010
9900
2029
8509
3019
1648
6493
8266
4043
3418
4847
2510
317
3401
5999
2360
3630
7908
8777
2542
1751
6056
5549
5845
4765
3386
9865
2502
7083
5181
9469
950
1937
387
5978
2815
8536
2679
7245
4671
8568
2520
8171
5028
5731
6059
6920
759
8440
4234
285
4812
7761
2500
2966
5213
1622
7433
8581
1713
7700
7626
3262
22
6544
8666
3334
278
1405
9806
9484
3025
2449
3841
8994
5910
5725
9170
926
9231
9253
1896
1512
7752
3551
2871
7963
490
8995
388
3975
2421
3222
9585
1006
4365
9896
3247
6139
551
3598
9049
1652
4792
9009
4268
1761
4564
4190
8424
5784
1633
6558
2154
2614
1828
17
6829
2221
9943
6930
6800
507
1881
3286
2394
9105
2358
1383
4357
2353
4994
4256
4160
9187
2226
8414
1027
3534
638
5374
243
9747
2371
6838
4736
412
4343
546
8731
7247
9845
2954
5404
6102
9394
4786
3552
1991
5506
9304
5169
4418
4531
3792
1923
8875
8895
3974
9321
8164
6563
4584
164
2088
5538
2866
9598
1544
3793
8122
8825
7264
4625
6647
9519
2695
8974
7632
6740
3580
8696
5206
4931
5040
1484
1163
1003
9444
406
4631
5667
8148
3478
6329
4633
5767
2452
6130
517
194
3517
1631
5336
9969
2558
7113
29
2532
8710
7541
5547
430
9489
5479
7840
6302
9072
5582
8771
3084
256
6768
2775
8977
8909
1140
1361
1086
5890
3709
6213
7216
5342
6622
436
8284
7854
5995
8877
3750
2752
7092
5393
8982
2006
8032
6065
8750
1979
455
6366
121
4410
5208
9636
6633
2986
1836
8525
6253
4010
9955
4491
6445
4361
251
9155
9654
3605
5005
6896
9165
5215
3322
1094
3020
4498
863
892
1263
358
2948
6963
3164
8491
6411
9322
1994
7282
5831
4405
3268
9792
5122
9817
2847
1281
3087
7530
6438
7444
2109
2339
2086
8068
6635
9795
7387
321
2705
2126
5480
8057
6845
948
6018
4400
3821
544
7966
1355
6468
9308
6228
80
6459
8960
8510
9948
3086
300
5418
2530
8145
7944
1970
9928
5252
3733
9755
6488
6120
9140
938
45
3354
7579
5409
5655
7099
2564
2513
6871
2249
4999
7350
2700
5454
823
1198
3980
1993
755
6387
4187
4158
9068
7982
9628
355
2096
5423
8420
5191
3237
2489
2693
1754
8697
5552
3233
7317
475
3172
5259
7685
5584
5217
301
1946
2431
1247
8114
3159
499
3049
2987
2317
3058
2918
7442
7408
4130
9221
4278
5280
2598
9978
261
9010
4089
6232
6784
9379
9504
5794
7453
235
8210
5883
8358
3675
8801
4109
8365
3065
5684
1348
2167
3078
2870
7637
2403
4389
8432
1151
1107
2557
2707
469
8
2976
6856
2957
2207
4368
7984
9470
4780
1452
1959
1046
1020
504
1658
1236
9584
2611
7624
727
9748
8244
8042
4247
9157
4804
2523
7926
8083
4697
9471
6964
4467
5314
1536
418
2732
703
6225
1798
3735
3824
2286
937
2674
2599
9446
3959
5417
9854
1279
9273
422
4639
4844
8765
7463
9553
9364
2821
1109
1813
9164
4085
3448
7753
6032
6331
7082
5099
8470
1260
4377
707
9637
3852
9081
7213
7181
8052
3254
7495
9225
6709
401
7000
4045
7354
1103
9650
6550
7507
5951
5751
893
3928
2541
8489
8664
4555
8436
9977
8919
8855
6040
8799
7233
5370
233
2377
1233
810
9907
4901
7229
9773
5709
3891
7711
7777
5635
4554
7434
7016
9726
2746
9802
3018
947
3156
5111
1343
6397
5172
6540
5877
6559
6810
1008
2436
9275
7506
5815
4139
9891
3760
2279
6654
2974
9835
6799
1797
5488
8591
3232
9920
9958
8809
6775
2508
1134
7615
9439
3501
6574
3977
1886
2442
7837
7558
4434
7938
6530
3744
2252
7008
6337
7054
6833
6013
2327
4267
9337
9093
9057
9945
8662
6587
5292
3786
8286
3799
2773
4539
7044
7665
5909
4461
3119
5802
5945
4716
8303
5937
9412
5376
5145
9666
1939
688
2733
5598
9177
6526
2495
1543
2430
1347
2979
6134
8443
7432
482
8784
468
8018
912
5653
2223
1493
9981
1257
3151
57
1699
571
5763
1808
696
1035
3375
6314
7829
459
4059
3430
1377
7828
9547
325
7115
9914
6612
4588
9518
9282
723
753
7150
1029
1176
7041
5631
9506
9001
8469
9004
3243
9646
7751
9670
3895
6598
6008
4763
1025
5669
5381
6730
9979
2630
4970
6390
4725
5833
8741
589
1685
9452
3320
967
8670
9708
9821
8888
1686
2048
4835
452
9659
787
346
9999
1725
8503
3290
5591
2676
4663
1569
2754
8309
4897
8333
4598
7484
5384
8275
3609
4014
8916
1606
4476
5383
230
224
8587
9611
9994
3973
7063
4629
939
7155
8640
5431
1936
4740
6725
6795
1747
1125
3284
1972
8961
393
7758
9442
593
1601
9339
204
2198
7747
8099
682
8746
8611
7
829
537
1431
8528
8530
3826
5647
2657
8236
6016
4006
3203
6380
8957
7364
873
8406
2320
9215
9756
9053
4675
3932
6147
1272
9
495
725
600
4924
3177
5264
7866
6211
8541
754
2310
4778
1802
5777
8595
8739
9933
2977
5617
7655
7847
9447
9827
7263
1950
981
5118
2488
1718
7215
8167
2652
9298
501
6617
7427
1583
5100
8017
7600
2619
5974
7369
7816
4381
6714
2577
7230
4811
7058
9916
4702
6145
5710
6949
7349
5689
1350
9790
6001
3869
2014
9054
6189
6638
3394
4076
6197
944
3752
6818
6310
1149
8619
7575
5260
4492
897
3835
6309
6133
2938
1605
1342
689
2772
3952
3736
1943
1596
5177
8086
3548
4119
4192
1185
8921
9863
2714
9772
4016
3795
8165
5056
4984
8878
4360
5324
4691
785
882
7087
9902
584
6401
5067
4654
2889
4622
5483
633
9801
3658
3625
6455
4118
3724
539
5355
5755
3991
1262
7415
5262
8237
5605
1491
6992
4308
651
3343
6852
3425
4154
3923
6892
8653
1146
1552
7809
6980
8695
5104
959
4209
6737
8416
357
8853
6627
2123
4275
3355
905
4828
7895
3027
5010
3596
1016
8795
6733
1024
9043
3294
771
133
6419
8478
6403
3318
3028
7109
9323
2947
3199
3762
8902
1706
3455
4831
8522
352
5008
9862
5185
6083
5084
3700
2305
3039
6335
8817
595
5511
2702
4138
2330
911
527
8929
2639
4152
9744
4815
7997
1705
4541
3522
3997
9424
3260
7157
3476
8201
5247
5849
8713
8456
5062
4974
108
3471
779
9947
1513
3838
5351
3560
6741
2729
6461
749
68
6925
8314
6441
3345
3456
5825
8123
9377
7776
6928
4694
3088
4695
6396
6806
9461
1325
7316
8289
9622
1841
3031
225
329
8571
6427
6323
736
5628
8843
1722
5088
3388
530
2910
6999
2253
2039
4073
6244
8142
4313
6687
4795
3770
2081
8532
8339
2643
9930
9032
3663
3163
2988
8178
5373
4148
7730
9280
548
8487
9918
871
8839
3155
2883
1545
4276
7249
6974
1832
811
9178
6826
1252
1511
2437
7706
360
1731
8209
8366
6935
5261
8386
7644
3761
5625
4630
5630
8384
5769
5196
3059
1949
1967
8991
2548
9621
2175
2054
5809
9038
7179
6941
7870
7784
1723
3570
7563
616
575
9243
1932
2385
7841
3341
3381
2490
8986
8373
3867
6981
4771
2036
7275
7211
1400
2813
5525
6371
3742
2263
9619
5092
8680
6315
9390
1714
6538
165
5907
2282
889
6542
6681
700
9625
4689
9828
5265
1205
6547
2878
621
6033
5772
2573
9168
1894
5385
8705
3849
2265
4574
730
4726
9763
3993
288
8135
2112
3216
1456
6073
9710
75
1794
6342
6631
2298
3916
8786
1893
1585
1753
8788
7210
7649
3788
529
4397
4898
1106
9825
6031
9648
6117
4990
6140
5982
9980
8499
6702
4134
5344
5484
1647
8050
6152
9045
9922
5282
6193
7202
1488
138
5905
702
9218
2485
4442
5699
1200
7331
4501
2812
3033
7722
6204
4832
5222
330
3140
7789
6216
5332
2624
1444
1321
6433
15
1592
2084
2865
3333
1378
2176
6734
6679
4494
1340
7657
1214
2056
8506
4038
4650
2887
4703
4173
5082
4186
8718
6108
2728
4768
3287
6359
7300
3483
2544
6440
1514
348
992
9211
2636
2713
7196
1957
3428
878
6782
306
6849
2685
2428
476
1471
2021
6539
9397
4595
1659
5143
3697
744
4813
5360
763
642
2924
7846
8625
9890
1258
3748
2101
5502
2816
5727
4309
6352
3685
2340
1330
1328
8628
3280
2456
7625
6766
9148
4731
9432
506
6471
4849
1779
9593
9926
9603
7974
4346
3641
9358
4504
7368
6742
7524
5405
8940
663
5258
6207
8954
7077
1858
6956
6731
1872
8001
637
2424
3360
5855
8959
5912
6071
6815
1461
4207
4307
3310
3914
511
9077
7335
7675
6200
662
5420
7835
1878
3324
2561
2522
4044
7582
1650
5600
38
8191
5962
4634
252
5634
9006
627
9041
6660
917
8174
5366
1039
1997
9957
6472
8667
4655
5424
5406
448
4609
5509
4837
7013
2426
4949
1054
7517
8896
7511
3358
9051
6831
2832
3242
9612
6938
2446
6566
5298
5018
1192
8212
101
5765
7253
1704
3629
5555
6274
9430
8283
6796
5350
958
5719
1270
6752
7604
3594
7821
2578
8673
2899
7834
148
5963
1206
7110
8370
3924
5880
2734
2682
9090
1776
4015
4540
1859
6266
6281
2138
8254
588
6822
2458
1229
6581
4669
598
2122
674
5401
3460
6568
90
7807
6409
4489
8874
867
3270
5859
7850
6336
7504
1918
2519
2680
2214
2533
2212
2782
1580
5576
5748
2291
7243
6247
8643
4317
1084
8177
3405
4273
9964
7635
247
7762
913
5240
3180
9222
3499
2641
5540
6061
2107
581
901
1184
2407
8733
3154
8833
4181
9033
6773
4567
562
4854
7352
5063
4424
1694
9388
2550
5141
3800
2016
5516
827
5330
8153
8218
5363
5970
2684
349
1127
2277
3165
1352
4642
6534
7487
1593
4511
4050
4030
1388
7162
9482
3101
7611
4390
26
2629
9735
6290
1177
1548
8842
3128
3226
8077
2895
8092
5807
4750
1181
5930
4133
8263
9462
6973
4668
263
6156
4808
4975
4074
2379
3050
1498
6541
8014
2919
9709
7359
8087
3757
6499
9410
8053
1312
2736
553
8651
4713
1069
7950
7301
7797
9028
9742
8294
6514
