14
27
59
62
76
79
80
122
144
163
173
193
203
207
209
224
227
229
246
251
287
288
289
296
314
322
325
345
347
349
367
368
377
393
396
406
412
419
421
422
438
450
453
478
481
484
503
507
521
533
549
551
554
592
598
611
620
623
693
700
707
709
715
729
738
739
747
770
788
811
827
835
852
856
857
866
881
895
904
907
921
924
932
938
941
945
947
954
956
991
1026
1038
1045
1052
1059
1060
1080
1084
1085
1094
1097
1121
1122
1133
1141
1149
1156
1163
1171
1176
1186
1191
1196
1203
1227
1233
1241
1262
1266
1267
1277
1282
1284
1335
1353
1358
1375
1413
1414
1432
1434
1444
1451
1455
1468
1494
1502
1508
1514
1530
1542
1544
1550
1568
1603
1607
1623
1627
1628
1632
1633
1635
1642
1660
1661
1690
1691
1698
1709
1712
1716
1729
1734
1752
1756
1769
1772
1773
1774
1783
1785
1796
1812
1815
1818
1820
1840
1842
1851
1855
1869
1873
1878
1884
1892
1894
1906
1910
1922
1926
1933
1939
1946
1956
1959
1962
1988
2000
2015
2023
2036
2048
2067
2086
2088
2101
2111
2115
2121
2122
2151
2178
2193
2198
2201
2217
2218
2260
2267
2269
2276
2296
2298
2311
2313
2319
2323
2326
2331
2334
2344
2370
2380
2381
2401
2407
2417
2420
2421
2437
2439
2458
2483
2490
2508
2534
2558
2559
2561
2591
2595
2604
2617
2621
2625
2630
2663
2673
2677
2678
2691
2696
2708
2709
2730
2734
2735
2770
2777
2804
2806
2811
2814
2815
2824
2836
2837
2839
2841
2849
2876
2882
2896
2900
2905
2907
2918
2927
2955
2956
2965
2982
3004
3006
3010
3038
3040
3045
3050
3070
3075
3077
3081
3090
3093
3101
3105
3110
3117
3124
3128
3154
3159
3167
3201
3205
3207
3217
3221
3237
3241
3265
3282
3284
3315
3320
3328
3356
3361
3385
3388
3395
3403
3407
3425
3427
3437
3443
3452
3465
3476
3504
3514
3516
3529
3531
3536
3543
3544
3551
3556
3560
3562
3567
3585
3592
3596
3598
3605
3608
3615
3630
3632
3641
3650
3654
3662
3670
3673
3675
3679
3688
3692
3709
3714
3721
3724
3725
3729
3736
3749
3756
3766
3769
3797
3850
3853
3862
3881
3885
3890
3892
3897
3926
3931
3934
3969
3972
3976
3988
4003
4004
4008
4020
4042
4051
4052
4057
4065
4097
4098
4108
4131
4151
4164
4196
4206
4207
4208
4209
4242
4248
4263
4271
4278
4282
4310
4318
4366
4374
4379
4395
4402
4407
4409
4425
4430
4486
4493
4501
4502
4503
4514
4515
4531
4536
4538
4549
4561
4564
4574
4591
4597
4609
4610
4612
4639
4655
4660
4661
4662
4663
4673
4680
4708
4723
4725
4739
4749
4760
4768
4784
4793
4807
4809
4811
4819
4850
4869
4888
4890
4892
4978
4988
4992
4993
4996
5007
5008
5024
5031
5043
5050
5052
5055
5059
5100
5101
5123
5149
5181
5204
5208
5221
5230
5270
5273
5289
5290
5292
5298
5301
5310
5318
5324
5335
5340
5379
5396
5406
5413
5415
5452
5479
5487
5498
5506
5512
5523
5529
5534
5543
5547
5554
5555
5569
5586
5596
5626
5652
5660
5679
5704
5706
5718
5743
5754
5765
5778
5790
5795
5801
5837
5849
5862
5867
5876
5899
5902
5908
5936
5937
5955
5967
5992
6001
6029
6031
6032
6042
6045
6051
6055
6065
6080
6082
6085
6090
6096
6104
6108
6125
6136
6140
6143
6150
6152
6163
6166
6167
6176
6192
6220
6232
6256
6269
6270
6275
6283
6310
6319
6331
6340
6342
6349
6364
6368
6374
6394
6399
6402
6416
6418
6432
6438
6444
6459
6463
6482
6491
6492
6500
6510
6526
6564
6565
6568
6571
6573
6582
6597
6602
6604
6628
6642
6645
6656
6668
6673
6678
6680
6682
6683
6686
6690
6693
6697
6700
6705
6717
6718
6723
6729
6749
6775
6778
6784
6789
6802
6811
6813
6815
6821
6825
6829
6833
6854
6858
6882
6904
6905
6907
6915
6966
6973
6974
6984
7010
7013
7027
7035
7051
7062
7063
7095
7102
7106
7111
7122
7133
7141
7144
7155
7195
7196
7209
7221
7224
7238
7251
7264
7271
7280
7293
7305
7311
7347
7370
7396
7403
7404
7417
7449
7461
7464
7469
7479
7505
7516
7522
7530
7537
7553
7565
7569
7588
7600
7611
7623
7624
7644
7645
7647
7657
7660
7683
7686
7706
7735
7759
7773
7774
7782
7788
7789
7807
7814
7818
7835
7838
7840
7850
7857
7858
7877
7882
7885
7896
7904
7906
7920
7923
7935
7938
7949
7958
7974
7977
7993
7995
8004
8006
8008
8020
8025
8026
8031
8035
8038
8039
8040
8064
8066
8078
8081
8083
8088
8102
8111
8127
8128
8133
8139
8147
8154
8160
8176
8177
8185
8200
8201
8204
8213
8220
8241
8252
8265
8295
8297
8312
8321
8322
8324
8341
8344
8351
8358
8359
8363
8364
8379
8383
8387
8405
8414
8425
8443
8448
8457
8459
8464
8481
8492
8500
8502
8509
8535
8549
8567
8575
8599
8604
8614
8630
8666
8679
8683
8685
8691
8711
8721
8724
8729
8730
8736
8748
8751
8761
8772
8791
8801
8802
8816
8818
8827
8850
8852
8882
8887
8890
8895
8896
8901
8916
8931
8938
8944
8974
9004
9005
9009
9010
9019
9020
9021
9022
9036
9042
9045
9049
9075
9077
9082
9083
9089
9090
9096
9102
9114
9119
9124
9127
9137
9140
9156
9207
9213
9217
9222
9230
9237
9247
9249
9259
9271
9285
9289
9315
9318
9319
9324
9339
9346
9347
9364
9369
9370
9372
9384
9390
9394
9408
9414
9415
9417
9424
9426
9444
9454
9458
9460
9506
9526
9530
9536
9537
9547
9565
9583
9587
9589
9597
9612
9622
9635
9639
9648
9658
9671
9672
9677
9685
9698
9702
9715
9718
9723
9740
9741
9745
9748
9749
9750
9766
9771
9777
9779
9781
9797
9799
9802
9806
9811
9836
9840
9841
9843
9845
9855
9857
9865
9872
9904
9911
9931
9944
9955
9963
9969
9989
