7
13
26
46
52
55
59
61
62
69
85
97
117
125
126
133
152
156
157
170
190
224
229
238
239
240
242
244
247
273
275
281
290
296
313
321
322
325
350
356
369
371
374
376
379
392
411
421
434
441
449
453
462
466
468
473
479
486
505
509
522
546
547
555
570
573
577
584
598
601
630
632
641
647
650
672
680
696
706
718
733
760
761
784
799
821
830
834
864
866
875
878
881
889
903
918
919
923
925
927
930
933
945
978
992
1032
1038
1047
1058
1075
1082
1088
1090
1107
1122
1123
1130
1135
1162
1180
1199
1210
1213
1214
1231
1235
1255
1261
1263
1264
1273
1274
1289
1303
1324
1332
1338
1345
1346
1349
1352
1363
1365
1366
1367
1379
1382
1408
1411
1416
1421
1422
1442
1466
1480
1485
1486
1488
1491
1494
1498
1518
1527
1534
1538
1539
1574
1576
1590
1602
1606
1619
1621
1623
1632
1648
1670
1676
1680
1682
1694
1696
1711
1718
1727
1735
1741
1746
1760
1762
1772
1775
1787
1797
1832
1834
1839
1843
1844
1845
1855
1856
1874
1875
1889
1893
1919
1928
1959
1991
1992
2001
2027
2030
2035
2038
2041
2045
2048
2054
2055
2059
2084
2093
2095
2098
2099
2112
2115
2137
2149
2151
2190
2192
2194
2209
2210
2212
2250
2261
2263
2264
2282
2303
2313
2329
2357
2384
2389
2401
2409
2419
2423
2429
2432
2440
2442
2443
2449
2458
2459
2461
2490
2501
2509
2512
2520
2539
2549
2571
2575
2578
2592
2625
2642
2644
2646
2657
2660
2666
2671
2672
2689
2703
2730
2732
2753
2782
2804
2811
2814
2818
2822
2838
2847
2855
2867
2868
2871
2882
2887
2911
2912
2918
2923
2924
2935
2943
2965
2992
2996
3009
3021
3023
3044
3053
3069
3085
3112
3127
3128
3143
3149
3155
3167
3190
3245
3249
3258
3274
3305
3311
3331
3351
3363
3366
3379
3382
3399
3418
3419
3435
3437
3449
3453
3462
3466
3469
3477
3483
3484
3487
3488
3498
3505
3506
3507
3508
3515
3538
3540
3543
3562
3572
3576
3580
3586
3615
3617
3645
3647
3663
3678
3684
3698
3700
3714
3717
3739
3748
3770
3772
3800
3818
3828
3834
3838
3839
3844
3855
3868
3890
3893
3895
3897
3900
3901
3903
3911
3914
3919
3942
3943
3945
3948
3949
3963
3969
3976
3980
4000
4003
4013
4016
4023
4033
4039
4044
4047
4050
4063
4074
4075
4087
4091
4098
4107
4119
4123
4131
4133
4134
4158
4169
4184
4196
4206
4228
4245
4276
4291
4304
4309
4314
4317
4328
4331
4335
4344
4368
4381
4390
4399
4402
4409
4411
4416
4423
4428
4430
4441
4445
4461
4468
4471
4473
4484
4511
4535
4536
4537
4549
4556
4559
4594
4596
4614
4631
4684
4694
4695
4696
4697
4716
4720
4752
4771
4775
4778
4797
4802
4804
4808
4814
4820
4824
4827
4831
4842
4845
4870
4876
4888
4892
4896
4921
4925
4944
4993
5009
5023
5027
5028
5033
5057
5074
5093
5106
5110
5115
5117
5128
5134
5139
5165
5187
5208
5218
5221
5225
5226
5234
5237
5247
5259
5262
5264
5267
5269
5292
5301
5312
5336
5340
5367
5369
5382
5394
5399
5415
5424
5433
5434
5450
5456
5465
5474
5486
5488
5510
5522
5524
5532
5564
5569
5572
5576
5603
5609
5610
5625
5639
5645
5648
5666
5679
5687
5688
5700
5725
5761
5767
5783
5785
5788
5811
5833
5842
5848
5852
5871
5872
5884
5905
5907
5916
5928
5932
5945
5946
5948
5952
5959
5967
5969
5970
5974
5978
5981
5984
6037
6043
6045
6082
6085
6110
6125
6144
6146
6147
6180
6182
6186
6208
6211
6236
6246
6299
6316
6318
6322
6323
6327
6340
6347
6360
6377
6389
6396
6414
6430
6438
6443
6465
6468
6470
6485
6495
6520
6523
6529
6535
6560
6561
6608
6620
6630
6632
6633
6650
6655
6658
6659
6669
6681
6686
6695
6697
6718
6726
6737
6755
6759
6764
6780
6781
6795
6798
6812
6815
6822
6841
6855
6864
6869
6871
6874
6876
6897
6913
6919
6924
6955
6959
6988
7001
7008
7010
7030
7032
7034
7041
7042
7048
7051
7063
7072
7074
7097
7103
7109
7117
7122
7129
7146
7149
7158
7161
7173
7179
7189
7193
7198
7218
7236
7249
7258
7262
7268
7270
7284
7286
7291
7301
7322
7331
7335
7339
7362
7391
7397
7415
7423
7427
7458
7465
7473
7476
7479
7496
7510
7541
7544
7548
7568
7580
7592
7593
7605
7609
7614
7615
7616
7619
7621
7640
7642
7712
7717
7728
7731
7734
7744
7752
7757
7761
7783
7798
7803
7807
7820
7833
7840
7843
7863
7876
7879
7880
7887
7888
7891
7897
7901
7909
7921
7951
7957
7966
7974
7981
7986
7987
7995
7999
8003
8005
8013
8024
8042
8070
8080
8087
8104
8112
8118
8132
8134
8136
8152
8156
8157
8160
8164
8169
8183
8188
8194
8196
8204
8205
8206
8208
8211
8214
8225
8287
8307
8311
8319
8350
8376
8386
8391
8406
8418
8423
8450
8456
8470
8487
8514
8524
8529
8551
8564
8565
8568
8575
8581
8595
8617
8628
8633
8638
8653
8684
8701
8714
8718
8731
8740
8747
8759
8767
8777
8782
8784
8794
8802
8804
8806
8810
8814
8819
8825
8840
8845
8846
8851
8867
8870
8880
8893
8899
8901
8913
8954
8963
8967
8983
8984
8996
9010
9017
9028
9045
9097
9100
9131
9141
9154
9160
9171
9208
9218
9219
9225
9226
9249
9251
9253
9258
9259
9266
9268
9280
9303
9308
9309
9312
9325
9341
9363
9373
9374
9379
9383
9395
9400
9425
9439
9453
9471
9491
9512
9513
9519
9531
9559
9560
9580
9586
9597
9599
9603
9611
9620
9639
9646
9654
9657
9662
9665
9667
9669
9679
9684
9692
9695
9698
9713
9720
9723
9736
9746
9752
9766
9767
9770
9778
9781
9782
9786
9800
9820
9824
9834
9855
9859
9878
9882
9886
9890
9911
9918
9921
9927
9945
9948
9949
9960
9962
9963
9978
9987
9988
9991
10007
10027
10030
10033
10041
10046
10059
10074
10102
10112
10114
10121
10124
10156
10181
10192
10199
10208
10220
10231
10233
10255
10265
10268
10270
10290
10292
10297
10309
10335
10355
10367
10379
10405
10421
10441
10452
10458
10467
10504
10508
10512
10538
10553
10589
10591
10599
10611
10620
10627
10630
10635
10660
10665
10674
10684
10686
10690
10694
10699
10709
10710
10715
10717
10723
10727
10732
10733
10741
10747
10760
10770
10771
10777
10788
10798
10808
10825
10852
10857
10866
10867
10874
10883
10884
10897
10906
10910
10913
10936
10945
10957
10970
10983
10984
10985
11003
11008
11024
11027
11031
11042
11045
11054
11056
11076
11077
11126
11137
11151
11157
11169
11173
11194
11207
11225
11231
11244
11245
11252
11255
11259
11275
11281
11297
11304
11306
11317
11321
11337
11344
11353
11357
11359
11374
11375
11399
11462
11463
11464
11465
11491
11492
11508
11510
11517
11518
11521
11533
11534
11560
11570
11594
11611
11614
11616
11626
11667
11671
11682
11683
11689
11696
11703
11707
11730
11742
11754
11767
11790
11815
11820
11835
11838
11854
11866
11882
11884
11886
11894
11896
11898
11906
11947
11958
11975
11983
11991
11992
11997
12005
12006
12010
12019
12023
12029
12037
12039
12045
12059
12063
12072
12083
12099
12104
12109
12125
12144
12145
12158
12173
12183
12193
12227
12232
12247
12248
12252
12254
12266
12273
12287
12298
12300
12303
12317
12324
12331
12352
12359
12362
12364
12374
12384
12386
12389
12391
12394
12404
12412
12437
12444
12462
12468
12473
12508
12509
12512
12535
12545
12547
12552
12560
12564
12576
12585
12596
12597
12603
12607
12644
12646
12649
12674
12677
12682
12690
12694
12733
12738
12751
12759
12767
12772
12773
12794
12805
12814
12828
12844
12852
12857
12858
12862
12868
12889
12890
12892
12910
12922
12933
12946
12951
12953
12965
12971
12972
12976
12982
13008
13012
13018
13027
13033
13045
13064
13068
13076
13080
13100
13115
13141
13149
13173
13180
13213
13218
13228
13234
13235
13262
13264
13286
13307
13314
13344
13350
13366
13369
13388
13418
13452
13467
13469
13477
13478
13484
13487
13490
13505
13515
13526
13540
13545
13554
13559
13568
13581
13585
13594
13619
13633
13649
13650
13660
13669
13673
13681
13687
13694
13699
13702
13705
13709
13713
13729
13742
13750
13771
13781
13782
13797
13798
13816
13818
13820
13825
13834
13845
13859
13868
13885
13895
13908
13926
13939
13941
13956
13962
13963
13986
13995
13999
14012
14029
14042
14051
14063
14088
14097
14098
14104
14107
14121
14124
14125
14137
14145
14180
14182
14186
14196
14226
14228
14242
14252
14264
14277
14287
14297
14312
14313
14316
14319
14333
14343
14367
14378
14394
14399
14401
14402
14420
14423
14441
14445
14449
14479
14482
14483
14488
14504
14513
14535
14541
14551
14557
14578
14589
14595
14597
14598
14616
14617
14619
14620
14622
14625
14647
14648
14662
14666
14668
14704
14709
14730
14752
14775
14796
14823
14830
14833
14841
14844
14849
14852
14891
14894
14913
14924
14930
14935
14973
14988
15011
15028
15035
15038
15042
15047
15052
15073
15077
15086
15091
15107
15117
15125
15131
15146
15163
15167
15173
15196
15201
15208
15210
15228
15235
15256
15263
15274
15302
15305
15309
15337
15350
15354
15374
15375
15376
15398
15418
15435
15437
15452
15453
15458
15459
15465
15467
15493
15504
15509
15512
15522
15523
15530
15557
15579
15585
15586
15603
15624
15639
15643
15649
15654
15659
15663
15673
15676
15696
15702
15717
15726
15732
15747
15768
15776
15781
15782
15791
15803
15812
15813
15841
15842
15853
15855
15857
15859
15880
15885
15940
15961
15965
15966
15975
15979
15985
15988
15994
15999
16013
16033
16034
16045
16046
16050
16055
16079
16096
16099
16109
16114
16117
16121
16122
16124
16134
16140
16173
16176
16187
16202
16212
16215
16236
16277
16287
16302
16309
16316
16331
16332
16338
16350
16352
16359
16368
16374
16376
16383
16384
16388
16394
16430
16448
16476
16494
16509
16530
16532
16545
16546
16564
16565
16584
16587
16593
16623
16634
16646
16685
16748
16788
16790
16793
16814
16817
16823
16824
16838
16850
16876
16885
16889
16893
16937
16958
16974
16980
16988
17002
17021
17044
17047
17056
17059
17065
17067
17074
17090
17099
17104
17122
17125
17133
17134
17138
17156
17161
17162
17185
17186
17192
17212
17215
17225
17232
17236
17238
17274
17275
17276
17284
17289
17294
17298
17304
17333
17338
17343
17357
17360
17373
17380
17387
17422
17423
17442
17449
17468
17475
17486
17489
17511
17515
17520
17536
17542
17544
17550
17552
17553
17558
17566
17579
17580
17581
17591
17595
17617
17619
17624
17631
17633
17640
17688
17695
17699
17712
17732
17744
17746
17747
17748
17765
17775
17783
17784
17791
17804
17814
17823
17834
17851
17854
17860
17877
17880
17882
17888
17905
17912
17913
17930
17934
17950
17952
17962
17968
17977
17998
18001
18011
18017
18024
18027
18029
18039
18058
18071
18075
18086
18108
18132
18152
18164
18173
18221
18229
18249
18259
18269
18296
18328
18349
18351
18358
18366
18376
18394
18401
18409
18412
18416
18422
18430
18448
18457
18458
18485
18488
18490
18505
18515
18521
18541
18559
18573
18598
18619
18635
18659
18667
18668
18675
18681
18686
18698
18706
18710
18711
18712
18718
18734
18736
18749
18771
18782
18787
18790
18803
18812
18813
18816
18820
18828
18837
18847
18851
18871
18872
18883
18901
18903
18905
18915
18926
18933
18934
18936
18950
18952
18962
18965
18993
19005
19009
19018
19021
19022
19047
19068
19069
19076
19109
19111
19134
19148
19161
19171
19172
19182
19187
19202
19228
19233
19247
19257
19263
19278
19280
19291
19327
19328
19334
19336
19350
19358
19367
19387
19395
19415
19425
19433
19448
19498
19519
19521
19524
19528
19539
19545
19555
19563
19578
19584
19595
19609
19619
19623
19647
19660
19682
19699
19705
19706
19716
19719
19720
19736
19743
19744
19758
19773
19776
19777
19781
19798
19800
19801
19805
19849
19857
19859
19878
19884
19886
19897
19909
19928
19937
19939
19963
19965
19980
19983
19989
19990
19996
19998
20008
20025
20047
20062
20079
20102
20103
20135
20156
20171
20182
20191
20228
20232
20237
20240
20242
20254
20255
20264
20270
20310
20326
20334
20354
20358
20361
20366
20395
20398
20402
20416
20432
20464
20468
20484
20485
20496
20517
20518
20521
20533
20539
20542
20553
20554
20555
20558
20561
20563
20564
20579
20582
20589
20593
20599
20612
20624
20635
20641
20645
20669
20674
20676
20681
20699
20705
20711
20730
20735
20757
20768
20772
20795
20813
20818
20822
20829
20835
20848
20854
20871
20880
20888
20889
20899
20902
20903
20919
20931
20932
20948
20959
20961
21013
21036
21040
21068
21071
21072
21079
21081
21082
21084
21088
21091
21094
21095
21097
21098
21104
21119
21125
21128
21144
21156
21163
21167
21187
21217
21218
21260
21262
21263
21265
21272
21275
21281
21292
21293
21305
21314
21332
21333
21340
21346
21348
21352
21371
21374
21382
21386
21403
21430
21435
21442
21448
21459
21464
21487
21492
21508
21524
21526
21566
21582
21599
21621
21644
21646
21657
21666
21672
21683
21684
21688
21692
21712
21713
21715
21720
21730
21737
21743
21751
21779
21798
21805
21808
21810
21816
21818
21820
21827
21830
21840
21843
21844
21852
21853
21858
21874
21882
21891
21913
21919
21922
21930
21951
21952
21962
21971
21987
21988
21999
22006
22013
22051
22054
22061
22066
22067
22078
22099
22100
22106
22135
22152
22156
22171
22183
22189
22196
22211
22221
22224
22232
22240
22251
22267
22275
22289
22312
22317
22325
22334
22348
22373
22381
22389
22400
22401
22403
22411
22415
22427
22452
22471
22473
22478
22490
22491
22493
22500
22513
22517
22519
22530
22532
22541
22549
22590
22594
22595
22601
22609
22615
22623
22628
22638
22658
22679
22695
22704
22712
22725
22732
22733
22735
22748
22750
22755
22764
22767
22772
22785
22802
22805
22806
22807
22815
22821
22825
22827
22833
22845
22847
22849
22864
22872
22885
22887
22904
22915
22958
22962
22974
22990
22994
22995
23009
23018
23028
23057
23112
23125
23128
23141
23155
23166
23167
23179
23185
23191
23228
23231
23233
23235
23244
23247
23258
23265
23272
23276
23280
23286
23314
23317
23325
23326
23342
23383
23386
23401
23403
23404
23409
23416
23430
23447
23457
23466
23483
23519
23527
23533
23538
23540
23547
23565
23569
23585
23598
23602
23608
23610
23654
23663
23667
23674
23681
23685
23693
23713
23714
23740
23741
23744
23746
23749
23755
23774
23798
23824
23826
23827
23847
23872
23906
23951
23952
23963
23970
23972
23977
23984
23999
24000
24005
24015
24016
24022
24024
24025
24029
24044
24066
24068
24073
24075
24077
24121
24127
24141
24168
24171
24203
24206
24222
24223
24229
24236
24241
24256
24260
24272
24290
24299
24311
24312
24315
24340
24371
24378
24389
24395
24403
24414
24416
24435
24451
24467
24469
24480
24496
24501
24503
24516
24533
24536
24540
24543
24550
24552
24560
24570
24573
24574
24579
24581
24596
24612
24641
24643
24651
24653
24662
24663
24667
24694
24712
24722
24731
24760
24764
24773
24788
24795
24822
24828
24838
24840
24848
24866
24913
24926
24934
24942
24970
24983
24992
24998
24999
25010
25038
25044
25059
25084
25085
25096
25101
25103
25111
25123
25141
25165
25166
25171
25176
25182
25187
25190
25204
25211
25217
25220
25224
25236
25241
25249
25259
25261
25262
25264
25270
25271
25275
25285
25310
25315
25337
25340
25345
25348
25357
25358
25380
25381
25383
25385
25395
25405
25419
25420
25438
25439
25440
25454
25460
25464
25474
25482
25484
25498
25522
25528
25557
25595
25602
25607
25610
25637
25641
25647
25652
25665
25670
25674
25676
25689
25695
25699
25715
25722
25741
25743
25744
25754
25759
25768
25789
25794
25815
25834
25835
25836
25837
25839
25857
25873
25877
25881
25888
25902
25913
25920
25928
25933
25941
25956
25992
26006
26008
26045
26052
26065
26098
26099
26100
26119
26124
26129
26133
26153
26173
26185
26227
26233
26237
26252
26269
26275
26277
26288
26299
26300
26303
26327
26331
26333
26351
26360
26369
26374
26381
26395
26397
26417
26427
26432
26437
26439
26446
26453
26459
26460
26469
26473
26474
26498
26504
26512
26521
26529
26547
26552
26560
26569
26570
26573
26590
26597
26598
26608
26612
26639
26641
26658
26661
26672
26685
26690
26694
26700
26715
26725
26749
26754
26785
26789
26803
26811
26877
26887
26895
26898
26910
26913
26924
26960
26962
26986
26987
26992
26996
26998
26999
27004
27019
27029
27039
27043
27046
27061
27080
27085
27107
27120
27126
27136
27141
27142
27143
27151
27164
27177
27180
27188
27189
27244
27246
27248
27261
27264
27269
27293
27318
27325
27336
27360
27377
27384
27391
27401
27403
27413
27418
27430
27432
27435
27464
27478
27496
27497
27501
27514
27519
27523
27525
27537
27559
27571
27581
27598
27605
27611
27637
27653
27657
27662
27666
27669
27670
27679
27691
27693
27697
27739
27746
27763
27766
27773
27775
27784
27799
27828
27834
27835
27847
27889
27890
27909
27911
27918
27920
27949
27958
27960
27973
27977
27988
28042
28051
28067
28072
28094
28098
28100
28104
28109
28112
28113
28120
28144
28170
28196
28207
28212
28225
28237
28244
28260
28261
28264
28272
28279
28289
28313
28315
28330
28331
28334
28341
28382
28386
28397
28416
28429
28449
28476
28478
28483
28518
28521
28535
28558
28573
28580
28584
28597
28602
28619
28624
28635
28638
28651
28656
28670
28674
28688
28700
28716
28728
28790
28804
28813
28835
28861
28883
28893
28901
28921
28932
28950
28966
28967
29005
29008
29013
29015
29022
29035
29036
29053
29059
29063
29087
29088
29092
29110
29119
29122
29133
29134
29138
29139
29141
29165
29167
29204
29206
29213
29215
29221
29232
29238
29241
29247
29256
29257
29268
29274
29278
29287
29319
29330
29335
29336
29345
29349
29368
29379
29381
29388
29393
29399
29400
29402
29404
29408
29438
29443
29445
29452
29457
29464
29465
29475
29495
29497
29507
29509
29520
29529
29538
29554
29558
29561
29567
29568
29580
29600
29603
29611
29622
29636
29639
29655
29687
29696
29710
29711
29737
29749
29754
29795
29810
29818
29836
29837
29847
29864
29876
29900
29925
29927
29930
29941
29943
29946
29952
29954
29955
29966
29977
29980
29981
30009
30010
30023
30024
30027
30028
30049
30059
30080
30090
30094
30098
30100
30101
30105
30108
30110
30113
30124
30146
30152
30158
30160
30162
30169
30172
30212
30222
30228
30231
30240
30252
30258
30261
30277
30291
30297
30326
30340
30378
30385
30390
30396
30397
30400
30404
30408
30409
30425
30442
30448
30471
30480
30489
30502
30507
30510
30522
30529
30552
30556
30559
30561
30571
30590
30602
30608
30632
30636
30644
30650
30687
30688
30712
30715
30716
30725
30728
30732
30742
30747
30750
30773
30776
30782
30787
30829
30832
30835
30836
30851
30860
30862
30870
30871
30879
30884
30898
30903
30904
30918
30926
30946
30964
30971
30977
30980
30981
30982
31000
31004
31030
31032
31034
31042
31048
31053
31073
31079
31117
31118
31122
31125
31137
31140
31153
31167
31173
31174
31176
31184
31190
31195
31204
31212
31215
31220
31221
31224
31226
31239
31241
31271
31277
31284
31290
31291
31294
31295
31305
31313
31314
31324
31337
31345
31356
31359
31370
31371
31379
31381
31397
31402
31405
31413
31418
31421
31423
31438
31466
31472
31487
31499
31509
31524
31527
31539
31548
31555
31564
31568
31598
31613
31630
31641
31656
31673
31675
31678
31683
31685
31691
31715
31731
31734
31741
31744
31748
31751
31772
31780
31789
31807
31817
31820
31835
31846
31855
31859
31861
31889
31896
31897
31908
31914
31926
31940
31947
31961
31967
31977
31992
32003
32005
32009
32022
32032
32035
32064
32065
32066
32083
32088
32093
32101
32118
32140
32148
32153
32178
32193
32197
32205
32231
32232
32270
32282
32287
32310
32322
32333
32339
32348
32350
32361
32366
32381
32391
32395
32402
32439
32441
32457
32471
32473
32475
32484
32486
32495
32496
32499
32500
32510
32514
32517
32518
32523
32524
32533
32538
32544
32551
32565
32573
32575
32580
32582
32591
32615
32616
32622
32630
32637
32650
32660
32664
32674
32679
32687
32695
32707
32719
32743
32746
32764
32769
32776
32822
32826
32835
32845
32848
32856
32865
32868
32874
32910
32915
32932
32933
32938
32939
32949
32972
32975
32977
32996
32999
33004
33042
33068
33074
33101
33103
33111
33137
33148
33154
33155
33167
33171
33172
33177
33216
33220
33221
33226
33242
33250
33277
33288
33293
33294
33295
33303
33304
33310
33315
33326
33328
33334
33341
33351
33357
33369
33374
33378
33384
33403
33410
33416
33430
33459
33462
33466
33476
33487
33496
33500
33518
33523
33541
33550
33589
33600
33608
33626
33627
33657
33676
33697
33707
33719
33720
33727
33732
33740
33757
33768
33772
33779
33782
33786
33803
33839
33845
33855
33859
33862
33868
33880
33895
33898
33901
33902
33932
33963
33970
33977
33980
33998
34001
34012
34020
34044
34060
34074
34088
34093
34099
34100
34105
34107
34121
34142
34154
34160
34171
34175
34206
34237
34244
34259
34260
34284
34298
34302
34317
34335
34342
34355
34364
34372
34392
34434
34451
34458
34483
34500
34512
34538
34548
34557
34565
34589
34598
34601
34624
34627
34638
34641
34642
34647
34656
34666
34667
34670
34686
34706
34711
34712
34716
34720
34726
34752
34774
34781
34794
34802
34804
34805
34806
34809
34816
34817
34818
34825
34834
34845
34851
34853
34860
34886
34890
34894
34906
34908
34930
34951
34955
34962
34980
34986
34996
35008
35025
35044
35076
35086
35087
35126
35128
35141
35148
35159
35172
35182
35191
35208
35209
35212
35218
35224
35234
35246
35253
35278
35304
35309
35313
35339
35342
35345
35352
35356
35361
35363
35380
35386
35406
35409
35441
35448
35459
35463
35510
35537
35553
35554
35556
35563
35567
35578
35598
35608
35615
35622
35625
35629
35633
35652
35660
35672
35674
35678
35682
35694
35701
35720
35723
35728
35729
35754
35755
35759
35762
35763
35769
35801
35810
35825
35827
35832
35846
35881
35887
35891
35927
35937
35938
35954
35957
35967
35974
35995
35998
36008
36026
36027
36031
36033
36039
36044
36054
36055
36064
36069
36073
36075
36077
36091
36112
36118
36120
36121
36127
36137
36151
36152
36161
36181
36190
36195
36217
36231
36234
36246
36248
36254
36256
36288
36290
36296
36299
36316
36321
36323
36334
36340
36355
36363
36365
36367
36372
36386
36391
36396
36402
36410
36421
36424
36444
36460
36467
36472
36474
36503
36511
36514
36531
36535
36551
36554
36556
36560
36564
36570
36582
36585
36604
36605
36613
36616
36642
36661
36683
36686
36687
36693
36695
36699
36706
36707
36712
36754
36755
36788
36789
36790
36800
36843
36845
36854
36860
36863
36894
36895
36917
36922
36944
36954
36961
36971
36989
37003
37019
37037
37044
37048
37050
37051
37052
37061
37063
37067
37074
37096
37109
37127
37134
37139
37172
37173
37180
37183
37188
37195
37203
37207
37236
37249
37259
37260
37263
37269
37317
37336
37343
37366
37370
37388
37399
37406
37410
37422
37471
37488
37505
37509
37517
37526
37540
37546
37569
37575
37578
37590
37596
37599
37601
37617
37628
37635
37646
37649
37670
37673
37679
37683
37695
37723
37726
37733
37736
37772
37780
37782
37787
37811
37818
37827
37845
37848
37854
37864
37874
37908
37950
37959
37964
37969
37976
37978
37982
37990
38014
38027
38045
38060
38070
38071
38083
38099
38104
38106
38108
38128
38144
38165
38178
38181
38225
38235
38246
38259
38264
38273
38279
38303
38308
38312
38323
38327
38331
38333
38337
38340
38372
38373
38375
38401
38403
38412
38423
38426
38454
38465
38467
38500
38502
38504
38528
38540
38541
38543
38550
38557
38600
38636
38657
38665
38668
38672
38676
38686
38691
38697
38721
38735
38738
38743
38754
38759
38776
38781
38799
38820
38821
38825
38831
38839
38842
38843
38844
38865
38881
38885
38888
38900
38942
38953
38958
38964
38972
38973
38978
38987
38991
38997
39005
39008
39009
39029
39043
39055
39056
39072
39081
39082
39083
39084
39091
39095
39124
39136
39157
39167
39173
39177
39178
39181
39196
39207
39211
39214
39236
39246
39262
39267
39304
39307
39312
39332
39335
39359
39362
39391
39414
39430
39442
39449
39452
39457
39458
39467
39472
39480
39488
39489
39496
39498
39512
39516
39524
39528
39530
39546
39572
39575
39588
39594
39602
39608
39611
39612
39625
39640
39647
39651
39656
39681
39690
39696
39699
39717
39744
39752
39754
39757
39777
39792
39803
39807
39815
39821
39822
39828
39837
39841
39848
39851
39856
39876
39877
39895
39930
39933
39938
39944
39945
39948
39966
39967
39986
40018
40054
40056
40062
40069
40076
40082
40116
40126
40141
40147
40161
40184
40199
40213
40215
40217
40222
40224
40245
40258
40263
40267
40288
40301
40331
40349
40351
40354
40362
40363
40364
40370
40375
40385
40386
40401
40416
40418
40430
40441
40450
40490
40502
40513
40518
40527
40528
40564
40575
40583
40587
40596
40599
40600
40606
40611
40614
40616
40619
40642
40653
40663
40668
40672
40673
40674
40697
40704
40708
40728
40729
40739
40759
40760
40775
40783
40790
40800
40805
40819
40820
40824
40831
40835
40839
40868
40902
40904
40913
40931
40932
40940
40957
40987
40993
40999
41003
41005
41014
41020
41028
41035
41037
41041
41051
41052
41104
41106
41108
41125
41136
41148
41149
41159
41176
41184
41185
41188
41191
41194
41201
41207
41219
41235
41259
41276
41283
41286
41296
41318
41327
41330
41333
41405
41407
41415
41421
41435
41450
41478
41487
41525
41528
41548
41554
41557
41582
41585
41603
41607
41622
41623
41624
41633
41639
41659
41669
41672
41676
41677
41680
41709
41725
41726
41737
41750
41757
41758
41765
41790
41791
41801
41805
41812
41813
41818
41843
41849
41853
41900
41901
41905
41921
41922
41937
41939
41957
41972
41979
41986
42002
42025
42055
42059
42066
42076
42080
42085
42096
42107
42110
42112
42113
42131
42136
42142
42151
42153
42160
42180
42188
42204
42233
42239
42241
42262
42277
42306
42307
42313
42317
42319
42331
42340
42363
42375
42385
42399
42437
42443
42444
42445
42470
42479
42486
42491
42501
42506
42517
42522
42553
42560
42565
42574
42581
42585
42589
42600
42603
42609
42610
42611
42614
42642
42650
42654
42659
42672
42683
42686
42688
42696
42701
42704
42712
42719
42724
42725
42737
42748
42752
42753
42754
42764
42765
42766
42768
42783
42803
42806
42816
42835
42837
42838
42839
42843
42846
42853
42857
42864
42867
42872
42900
42905
42908
42920
42939
42941
42953
42961
42973
42977
42981
42993
43008
43010
43015
43017
43025
43036
43042
43053
43062
43073
43087
43114
43124
43125
43126
43130
43132
43144
43148
43162
43185
43193
43199
43208
43242
43248
43274
43280
43289
43296
43298
43306
43312
43319
43327
43357
43361
43377
43386
43403
43437
43449
43461
43476
43478
43489
43493
43496
43498
43511
43512
43543
43548
43560
43567
43574
43597
43601
43603
43610
43615
43624
43632
43649
43654
43665
43670
43671
43682
43688
43697
43739
43745
43753
43759
43769
43780
43783
43799
43807
43814
43837
43838
43851
43852
43867
43871
43881
43889
43891
43894
43913
43943
43947
43959
43976
43978
43984
43990
43991
44010
44020
44024
44026
44048
44054
44064
44068
44096
44107
44113
44138
44142
44143
44152
44158
44161
44168
44184
44207
44213
44219
44224
44226
44229
44234
44240
44243
44250
44261
44266
44268
44270
44280
44301
44338
44340
44343
44348
44359
44377
44389
44392
44425
44447
44451
44458
44464
44474
44496
44497
44511
44518
44538
44541
44545
44550
44555
44561
44565
44568
44574
44587
44589
44597
44598
44604
44612
44630
44639
44646
44653
44659
44662
44676
44682
44692
44707
44710
44726
44730
44731
44741
44748
44765
44777
44783
44796
44808
44815
44827
44831
44838
44847
44857
44882
44885
44898
44904
44907
44922
44934
44941
44953
44954
44961
44974
44976
45004
45018
45024
45046
45052
45062
45069
45072
45073
45090
45096
45100
45109
45114
45122
45127
45128
45131
45166
45207
45209
45211
45212
45217
45256
45261
45268
45270
45277
45280
45283
45322
45323
45369
45372
45377
45383
45391
45406
45415
45447
45452
45460
45462
45480
45484
45490
45502
45511
45513
45515
45520
45555
45562
45601
45612
45621
45624
45628
45657
45668
45672
45683
45694
45712
45733
45757
45762
45771
45773
45787
45788
45798
45808
45827
45846
45847
45866
45901
45909
45921
45926
45934
45935
45959
45966
45968
45990
45996
46009
46014
46030
46031
46034
46086
46094
46096
46112
46120
46125
46134
46169
46188
46189
46191
46197
46199
46211
46216
46223
46227
46246
46277
46286
46319
46337
46338
46359
46367
46375
46382
46398
46399
46402
46408
46423
46452
46460
46467
46487
46516
46554
46559
46561
46614
46616
46633
46635
46649
46672
46675
46676
46677
46703
46716
46723
46729
46738
46754
46757
46766
46768
46777
46778
46781
46793
46798
46816
46825
46829
46831
46841
46844
46854
46866
46879
46899
46923
46927
46928
46943
46949
46975
46987
46992
47011
47012
47035
47043
47048
47067
47068
47074
47078
47083
47107
47120
47126
47131
47140
47173
47180
47194
47196
47205
47206
47207
47212
47216
47237
47241
47253
47256
47263
47269
47284
47289
47292
47295
47305
47313
47330
47334
47352
47360
47361
47392
47421
47426
47430
47438
47453
47481
47500
47508
47518
47544
47559
47562
47597
47599
47601
47637
47638
47641
47644
47645
47646
47649
47653
47657
47660
47662
47680
47685
47690
47700
47701
47703
47717
47736
47737
47747
47788
47803
47820
47833
47852
47875
47887
47901
47903
47908
47913
47914
47920
47930
47938
47940
47944
47945
47948
47955
47962
47972
47976
47980
48001
48010
48011
48013
48021
48028
48032
48053
48058
48059
48061
48063
48075
48097
48113
48114
48115
48132
48160
48161
48163
48164
48166
48169
48171
48174
48194
48201
48216
48221
48260
48273
48283
48310
48311
48315
48318
48328
48338
48366
48378
48386
48391
48411
48417
48434
48452
48457
48463
48467
48477
48486
48495
48501
48503
48510
48512
48516
48517
48525
48533
48538
48540
48545
48548
48566
48580
48581
48582
48586
48594
48599
48600
48606
48607
48615
48620
48636
48641
48652
48665
48697
48719
48728
48731
48738
48752
48753
48761
48766
48787
48803
48812
48814
48817
48820
48827
48842
48857
48867
48879
48891
48899
48900
48902
48903
48927
48940
48949
48954
48979
48983
49002
49003
49004
49009
49016
49018
49022
49030
49035
49048
49058
49068
49079
49092
49107
49129
49154
49188
49189
49192
49203
49214
49215
49221
49228
49234
49247
49267
49283
49299
49321
49327
49328
49348
49353
49361
49363
49370
49388
49393
49405
49419
49420
49427
49429
49435
49443
49447
49450
49454
49463
49466
49470
49476
49488
49493
49502
49518
49521
49529
49546
49553
49561
49573
49587
49589
49591
49596
49615
49616
49620
49637
49640
49642
49645
49655
49669
49676
49682
49687
49713
49714
49732
49743
49744
49751
49758
49762
49786
49795
49816
49818
49822
49825
49832
49847
49859
49863
49879
49885
49889
49898
49903
49925
49931
49932
49937
49948
49957
49979
49987
50014
50018
50049
50059
50061
50070
50073
50076
50081
50085
50112
50116
50120
50122
50123
50125
50126
50130
50147
50152
50155
50164
50167
50170
50175
50179
50193
50198
50202
50208
50211
50237
50241
50242
50246
50260
50279
50281
50285
50287
50292
50302
50304
50305
50307
50324
50327
50336
50356
50359
50360
50366
50378
50385
50388
50394
50404
50430
50464
50467
50491
50495
50496
50508
50514
50523
50526
50537
50538
50554
50556
50558
50578
50585
50613
50614
50620
50629
50633
50644
50654
50669
50675
50694
50722
50734
50735
50771
50784
50786
50790
50792
50809
50839
50843
50847
50851
50873
50877
50885
50899
50900
50910
50913
50921
50925
50928
50929
50942
50943
50946
50966
50968
50988
50995
51002
51004
51006
51023
51027
51037
51057
51061
51073
51074
51078
51082
51102
51107
51142
51144
51159
51168
51184
51186
51190
51191
51208
51215
51221
51222
51231
51238
51240
51242
51249
51255
51256
51267
51296
51315
51320
51325
51328
51343
51354
51370
51378
51383
51387
51400
51430
51433
51451
51453
51467
51473
51491
51504
51506
51521
51546
51553
51561
51567
51570
51572
51592
51593
51594
51598
51605
51615
51620
51627
51630
51632
51638
51642
51643
51645
51647
51648
51656
51658
51660
51679
51697
51719
51728
51730
51734
51748
51751
51768
51783
51788
51791
51799
51810
51813
51819
51826
51833
51837
51886
51888
51904
51917
51920
51934
51954
51966
51967
51981
51982
51993
52000
52013
52016
52030
52032
52036
52053
52058
52061
52084
52092
52129
52149
52154
52163
52165
52182
52203
52204
52234
52261
52262
52295
52297
52304
52312
52316
52317
52326
52348
52351
52384
52387
52421
52454
52472
52485
52489
52499
52500
52502
52521
52544
52545
52549
52570
52571
52581
52583
52603
52628
52646
52660
52662
52679
52691
52694
52696
52723
52739
52746
52749
52773
52781
52798
52803
52808
52844
52851
52857
52859
52891
52899
52905
52906
52914
52921
52929
52932
52934
52947
52960
52970
53004
53013
53015
53017
53030
53031
53041
53057
53078
53079
53083
53089
53121
53127
53144
53153
53156
53169
53194
53196
53200
53205
53206
53214
53216
53217
53234
53235
53248
53251
53254
53261
53275
53278
53285
53288
53312
53327
53337
53348
53354
53364
53373
53379
53395
53428
53430
53444
53455
53460
53462
53467
53469
53483
53490
53505
53514
53515
53546
53566
53573
53578
53588
53605
53608
53616
53618
53621
53633
53651
53662
53669
53692
53709
53716
53726
53734
53742
53746
53779
53792
53802
53820
53823
53851
53857
53865
53873
53876
53880
53883
53886
53901
53907
53914
53916
53925
53942
53948
53958
53960
53987
54001
54012
54031
54032
54078
54095
54099
54106
54108
54109
54117
54123
54135
54143
54163
54173
54188
54193
54194
54223
54226
54228
54249
54258
54259
54262
54267
54272
54303
54305
54319
54333
54358
54366
54371
54375
54387
54391
54394
54401
54406
54409
54437
54448
54458
54473
54484
54488
54501
54504
54505
54506
54514
54527
54535
54558
54564
54567
54618
54621
54631
54633
54649
54651
54660
54662
54671
54679
54687
54717
54744
54765
54775
54813
54814
54828
54831
54834
54839
54847
54854
54856
54862
54879
54881
54884
54893
54895
54901
54918
54937
54938
54951
54959
54961
54975
54987
54996
54997
55005
55009
55012
55020
55022
55030
55058
55061
55064
55070
55072
55076
55085
55097
55117
55118
55121
55137
55144
55154
55165
55188
55193
55196
55205
55211
55212
55219
55222
55231
55235
55249
55258
55259
55266
55270
55283
55285
55289
55305
55317
55341
55348
55354
55357
55364
55367
55375
55376
55387
55401
55419
55420
55425
55440
55445
55461
55468
55488
55489
55497
55498
55505
55555
55566
55569
55576
55582
55584
55585
55601
55609
55612
55619
55620
55627
55654
55656
55657
55665
55670
55688
55691
55697
55700
55704
55708
55728
55729
55732
55748
55758
55778
55798
55804
55806
55825
55852
55878
55880
55932
55950
55954
55956
55981
55986
55995
56007
56018
56026
56042
56050
56054
56067
56082
56086
56087
56088
56102
56103
56106
56107
56111
56113
56120
56131
56139
56140
56163
56170
56194
56202
56206
56213
56217
56220
56225
56244
56266
56278
56280
56283
56290
56311
56314
56324
56345
56365
56367
56368
56370
56388
56396
56400
56403
56407
56419
56438
56442
56466
56470
56472
56477
56481
56502
56510
56518
56521
56523
56529
56537
56539
56554
56562
56576
56578
56579
56580
56597
56608
56612
56615
56619
56627
56635
56637
56653
56687
56702
56704
56706
56712
56714
56725
56742
56751
56753
56761
56769
56772
56783
56787
56805
56810
56835
56836
56847
56849
56863
56866
56889
56890
56904
56919
56920
56941
56945
56964
56985
57033
57036
57038
57043
57060
57069
57073
57076
57083
57089
57101
57111
57115
57124
57134
57135
57152
57179
57187
57188
57205
57207
57210
57224
57229
57269
57294
57298
57306
57307
57323
57339
57354
57355
57362
57371
57373
57387
57396
57421
57430
57452
57458
57484
57516
57519
57531
57554
57566
57583
57588
57598
57612
57631
57654
57676
57677
57678
57681
57699
57743
57760
57763
57787
57799
57802
57807
57817
57818
57821
57822
57838
57868
57870
57914
57925
57943
57951
57964
57968
57992
58009
58011
58043
58044
58049
58080
58090
58141
58146
58161
58192
58202
58247
58270
58283
58314
58318
58321
58332
58336
58352
58357
58363
58387
58411
58415
58416
58430
58434
58435
58458
58464
58466
58474
58480
58492
58495
58502
58526
58527
58561
58587
58596
58604
58610
58614
58622
58665
58666
58677
58686
58688
58690
58712
58714
58721
58724
58731
58740
58745
58752
58753
58776
58797
58804
58807
58816
58838
58841
58849
58856
58857
58862
58866
58875
58881
58895
58906
58910
58913
58920
58931
58940
58942
58945
58951
58956
58965
58973
58974
58975
58994
59017
59019
59020
59047
59048
59058
59067
59074
59078
59083
59100
59128
59141
59142
59150
59152
59167
59187
59204
59207
59209
59215
59216
59230
59241
59263
59265
59271
59301
59313
59322
59335
59337
59345
59401
59408
59413
59420
59433
59438
59446
59451
59469
59479
59499
59501
59508
59523
59530
59541
59548
59561
59580
59592
59593
59595
59619
59623
59639
59640
59656
59679
59682
59689
59703
59707
59708
59714
59718
59725
59754
59759
59764
59815
59825
59832
59835
59861
59870
59878
59899
59901
59902
59912
59946
59951
59959
59967
59977
60017
60024
60026
60029
60040
60054
60071
60075
60078
60093
60117
60131
60161
60163
60174
60179
60198
60226
60234
60238
60244
60250
60264
60275
60277
60279
60283
60286
60287
60296
60313
60360
60393
60395
60405
60441
60461
60487
60499
60507
60508
60510
60512
60523
60541
60542
60560
60565
60566
60572
60578
60579
60601
60621
60623
60625
60640
60651
60661
60670
60674
60684
60692
60700
60718
60725
60745
60751
60769
60775
60776
60796
60801
60829
60836
60837
60868
60871
60890
60897
60924
60944
60948
60958
60971
60973
60982
60987
61003
61004
61014
61037
61041
61044
61049
61055
61069
61074
61078
61085
61094
61102
61109
61115
61118
61153
61155
61167
61181
61191
61206
61207
61208
61226
61232
61234
61237
61242
61243
61248
61250
61262
61279
61288
61298
61301
61329
61336
61359
61393
61402
61408
61409
61411
61413
61419
61432
61436
61437
61446
61450
61467
61481
61485
61495
61496
61507
61512
61520
61527
61558
61568
61572
61584
61604
61614
61625
61628
61638
61656
61661
61668
61674
61681
61684
61707
61708
61726
61739
61757
61764
61766
61797
61817
61839
61843
61847
61894
61902
61903
61912
61918
61942
61950
61982
62000
62006
62007
62029
62030
62041
62044
62067
62074
62085
62086
62088
62096
62097
62115
62133
62136
62138
62141
62152
62171
62177
62228
62243
62249
62261
62265
62271
62287
62290
62291
62349
62358
62362
62393
62396
62409
62410
62411
62433
62434
62442
62446
62451
62457
62470
62483
62486
62491
62494
62511
62523
62537
62544
62566
62568
62578
62582
62585
62590
62591
62614
62616
62651
62672
62678
62686
62694
62704
62706
62712
62724
62740
62792
62794
62810
62816
62818
62840
62846
62848
62849
62860
62869
62886
62904
62919
62927
62928
62945
62946
62960
62966
62994
62998
62999
63012
63014
63033
63035
63039
63043
63044
63053
63054
63058
63066
63074
63081
63109
63111
63117
63123
63126
63128
63129
63134
63135
63136
63137
63140
63153
63154
63156
63174
63189
63190
63191
63195
63197
63199
63200
63211
63222
63228
63274
63277
63282
63306
63310
63319
63333
63335
63337
63342
63365
63381
63386
63392
63406
63431
63433
63434
63448
63479
63483
63503
63510
63511
63519
63523
63534
63535
63538
63548
63564
63573
63579
63593
63602
63614
63624
63631
63633
63647
63713
63717
63728
63730
63739
63773
63783
63791
63802
63803
63804
63846
63853
63858
63865
63868
63870
63872
63873
63890
63910
63926
63928
63929
63952
63953
63984
63998
63999
64009
64034
64036
64049
64055
64061
64063
64064
64067
64069
64077
64086
64092
64119
64124
64131
64156
64159
64165
64185
64189
64196
64206
64240
64253
64269
64271
64286
64295
64304
64310
64325
64340
64347
64364
64372
64376
64380
64385
64414
64424
64430
64436
64441
64446
64460
64467
64468
64469
64470
64471
64477
64493
64508
64532
64536
64558
64573
64576
64579
64582
64585
64591
64606
64631
64638
64639
64640
64644
64653
64656
64658
64688
64695
64696
64715
64722
64730
64741
64743
64746
64756
64759
64761
64775
64784
64787
64791
64792
64802
64815
64824
64826
64829
64843
64857
64873
64880
64890
64900
64901
64903
64912
64920
64930
64945
64962
64966
64979
64988
64993
64995
65022
65030
65089
65112
65124
65126
65131
65139
65143
65147
65160
65166
65174
65214
65215
65250
65257
65260
65264
65266
65284
65286
65287
65302
65338
65339
65346
65349
65381
65417
65420
65449
65452
65476
65484
65494
65501
65512
65518
65519
65524
65530
65537
65564
65577
65579
65584
65651
65654
65671
65683
65690
65703
65704
65719
65734
65742
65749
65755
65760
65776
65803
65808
65827
65845
65864
65883
65892
65896
65897
65899
65924
65948
65966
65968
65971
65972
65998
66003
66004
66022
66026
66043
66049
66056
66073
66075
66080
66084
66087
66118
66119
66130
66144
66164
66189
66193
66199
66253
66258
66261
66264
66270
66290
66295
66315
66320
66323
66328
66356
66361
66373
66377
66397
66399
66427
66440
66454
66455
66459
66481
66492
66502
66512
66518
66529
66540
66554
66581
66584
66592
66605
66612
66615
66618
66620
66621
66623
66633
66642
66650
66666
66673
66713
66730
66734
66748
66756
66758
66776
66787
66822
66823
66827
66832
66842
66856
66860
66867
66880
66881
66890
66896
66902
66913
66914
66931
66935
66938
66956
66958
66960
66964
66969
66986
66987
66999
67015
67034
67045
67048
67063
67076
67077
67085
67092
67106
67109
67124
67130
67131
67140
67148
67151
67160
67167
67176
67185
67196
67225
67232
67233
67236
67260
67266
67280
67285
67286
67287
67300
67319
67327
67328
67347
67360
67365
67370
67397
67406
67411
67426
67449
67471
67472
67499
67505
67508
67519
67525
67531
67537
67551
67563
67574
67579
67594
67595
67597
67614
67623
67625
67630
67633
67648
67651
67661
67696
67723
67725
67730
67731
67739
67741
67754
67770
67774
67779
67781
67799
67802
67805
67807
67808
67810
67813
67816
67846
67851
67864
67870
67873
67887
67889
67898
67904
67910
67913
67940
67945
67959
67962
67965
67976
67993
67994
68001
68007
68008
68034
68056
68057
68067
68076
68084
68092
68096
68098
68122
68124
68142
68143
68144
68148
68155
68175
68181
68232
68245
68255
68258
68261
68263
68268
68269
68274
68287
68292
68295
68299
68302
68324
68330
68336
68337
68351
68354
68356
68360
68363
68370
68375
68386
68397
68410
68416
68427
68438
68442
68458
68468
68478
68484
68489
68494
68516
68540
68548
68555
68560
68566
68571
68586
68597
68613
68617
68621
68634
68650
68654
68665
68670
68679
68683
68693
68699
68710
68723
68726
68731
68734
68738
68743
68745
68751
68754
68775
68777
68789
68798
68804
68810
68816
68821
68825
68843
68846
68851
68888
68898
68906
68926
68939
68950
68957
68961
68980
68983
68997
68999
69033
69039
69050
69067
69068
69071
69078
69109
69119
69126
69153
69173
69174
69193
69197
69216
69253
69285
69306
69307
69325
69330
69331
69357
69384
69387
69391
69392
69422
69428
69432
69438
69448
69459
69460
69467
69480
69482
69487
69495
69509
69515
69531
69539
69555
69564
69565
69584
69588
69602
69603
69616
69631
69649
69661
69693
69729
69742
69744
69769
69772
69773
69780
69786
69801
69815
69826
69845
69847
69855
69857
69858
69859
69873
69876
69881
69904
69907
69913
69919
69935
69940
69955
69960
69979
70010
70013
70021
70024
70025
70030
70031
70046
70091
70097
70122
70125
70141
70170
70171
70184
70198
70202
70207
70212
70239
70252
70259
70266
70286
70293
70303
70305
70316
70326
70338
70365
70387
70396
70412
70416
70441
70447
70451
70454
70474
70482
70484
70486
70489
70506
70512
70523
70525
70529
70531
70536
70537
70540
70542
70555
70568
70570
70578
70592
70601
70606
70611
70619
70633
70640
70660
70669
70672
70691
70700
70703
70709
70741
70746
70760
70761
70763
70765
70766
70775
70783
70793
70795
70807
70819
70828
70837
70862
70871
70872
70894
70900
70904
70918
70921
70946
70969
70999
71004
71026
71027
71038
71051
71055
71058
71061
71065
71072
71082
71088
71092
71097
71118
71121
71130
71134
71161
71162
71171
71179
71183
71208
71217
71222
71252
71255
71263
71283
71290
71328
71333
71338
71339
71343
71344
71345
71351
71365
71374
71382
71389
71411
71412
71427
71434
71448
71466
71473
71474
71475
71487
71502
71513
71514
71517
71518
71551
71557
71565
71579
71582
71591
71595
71597
71603
71605
71627
71629
71641
71651
71652
71663
71670
71685
71708
71713
71740
71743
71744
71751
71765
71772
71791
71792
71794
71796
71809
71820
71845
71879
71903
71923
71929
71943
71948
71950
71952
71961
71981
71991
72004
72008
72015
72030
72032
72035
72048
72094
72095
72096
72116
72119
72132
72150
72158
72162
72170
72179
72187
72197
72213
72246
72255
72263
72278
72283
72294
72305
72314
72317
72323
72324
72328
72330
72351
72362
72369
72373
72381
72384
72402
72428
72429
72442
72447
72455
72458
72467
72474
72475
72476
72512
72534
72556
72564
72567
72573
72583
72589
72600
72606
72618
72628
72636
72642
72645
72647
72651
72652
72655
72666
72667
72673
72714
72734
72736
72740
72742
72754
72758
72761
72769
72795
72801
72812
72815
72820
72832
72835
72838
72843
72848
72849
72868
72877
72883
72897
72907
72930
72939
72944
72963
72965
72971
72973
72978
72998
73002
73012
73019
73021
73029
73030
73033
73062
73070
73073
73076
73084
73091
73110
73116
73135
73139
73149
73158
73176
73180
73189
73193
73195
73203
73206
73212
73215
73229
73233
73239
73268
73301
73317
73320
73321
73332
73334
73364
73365
73373
73380
73383
73388
73390
73392
73404
73406
73421
73432
73433
73435
73436
73444
73449
73466
73475
73482
73505
73517
73518
73520
73527
73530
73532
73535
73537
73545
73556
73565
73567
73592
73597
73599
73610
73611
73612
73617
73621
73638
73644
73654
73705
73722
73728
73729
73738
73750
73751
73752
73753
73779
73784
73793
73797
73826
73840
73841
73842
73853
73863
73888
73910
73914
73916
73921
73925
73972
73974
73981
73982
73987
74007
74011
74015
74021
74027
74031
74044
74060
74062
74064
74065
74080
74091
74093
74094
74097
74112
74127
74132
74142
74144
74158
74160
74175
74178
74182
74210
74212
74230
74233
74236
74242
74250
74254
74278
74299
74304
74305
74308
74317
74320
74322
74329
74337
74345
74353
74380
74385
74403
74407
74410
74450
74486
74503
74506
74532
74546
74552
74554
74558
74564
74582
74587
74593
74605
74611
74617
74618
74623
74636
74649
74658
74665
74677
74678
74689
74728
74776
74792
74793
74798
74802
74803
74806
74818
74829
74835
74841
74845
74847
74852
74881
74901
74902
74903
74905
74929
74951
75007
75012
75014
75032
75036
75067
75095
75101
75112
75148
75161
75163
75193
75201
75202
75207
75217
75267
75272
75281
75296
75304
75325
75333
75345
75353
75359
75360
75367
75404
75409
75448
75451
75453
75455
75460
75467
75469
75473
75480
75494
75504
75516
75530
75552
75562
75579
75589
75617
75621
75625
75642
75660
75666
75675
75687
75690
75692
75706
75722
75723
75728
75740
75741
75744
75780
75781
75794
75815
75818
75830
75831
75847
75897
75902
75905
75909
75911
75935
75942
75948
75958
75979
75984
75992
76012
76016
76039
76053
76066
76073
76091
76094
76117
76126
76130
76139
76173
76185
76192
76197
76200
76215
76222
76223
76224
76233
76235
76237
76249
76250
76252
76262
76273
76278
76323
76327
76350
76351
76356
76365
76371
76378
76396
76432
76439
76467
76486
76530
76535
76540
76541
76544
76546
76554
76562
76568
76573
76579
76589
76597
76600
76619
76631
76643
76654
76658
76661
76706
76708
76711
76719
76726
76735
76745
76751
76752
76759
76766
76770
76771
76773
76781
76790
76795
76802
76809
76818
76819
76840
76841
76845
76859
76870
76875
76890
76910
76925
76936
76943
76945
76946
76957
76980
76986
76992
77020
77023
77033
77035
77046
77053
77058
77069
77072
77075
77088
77108
77111
77141
77146
77155
77159
77166
77177
77183
77187
77188
77198
77199
77216
77240
77254
77261
77283
77286
77289
77295
77316
77326
77330
77360
77364
77384
77385
77386
77387
77391
77397
77404
77411
77412
77431
77433
77437
77445
77449
77452
77458
77462
77463
77465
77469
77520
77533
77540
77572
77587
77610
77618
77627
77632
77634
77641
77645
77646
77652
77654
77663
77666
77673
77677
77689
77690
77706
77711
77713
77732
77746
77755
77756
77768
77771
77778
77779
77781
77789
77806
77823
77824
77835
77861
77867
77885
77906
77932
77939
77951
77952
77960
77964
77965
77971
77978
77981
77986
77995
78008
78026
78032
78045
78049
78051
78054
78066
78078
78088
78089
78106
78109
78110
78130
78131
78141
78147
78151
78165
78171
78177
78196
78212
78222
78227
78236
78258
78262
78272
78283
78292
78296
78302
78321
78328
78352
78354
78369
78370
78372
78395
78400
78417
78425
78429
78445
78446
78450
78457
78458
78472
78504
78514
78516
78542
78553
78554
78559
78589
78590
78597
78604
78606
78619
78650
78653
78663
78669
78676
78681
78692
78693
78696
78710
78720
78728
78756
78775
78777
78783
78785
78808
78841
78849
78857
78889
78969
78995
79008
79010
79013
79047
79048
79050
79066
79070
79071
79076
79077
79080
79084
79098
79100
79104
79111
79113
79131
79143
79151
79158
79165
79176
79178
79185
79186
79200
79205
79233
79238
79255
79269
79309
79327
79351
79355
79364
79367
79374
79394
79395
79424
79432
79447
79452
79462
79463
79478
79483
79499
79516
79535
79542
79550
79552
79558
79562
79565
79570
79584
79585
79595
79607
79611
79617
79637
79638
79651
79657
79675
79711
79714
79718
79720
79725
79727
79736
79739
79740
79745
79753
79754
79760
79767
79785
79796
79808
79831
79847
79866
79868
79878
79882
79885
79889
79895
79898
79900
79902
79911
79920
79923
79942
79943
79951
79973
79975
79987
80006
80007
80018
80041
80066
80071
80074
80076
80082
80090
80103
80104
80129
80151
80152
80154
80181
80204
80217
80218
80228
80261
80264
80277
80288
80293
80316
80320
80325
80340
80361
80363
80364
80368
80379
80383
80384
80387
80394
80406
80418
80426
80471
80489
80490
80500
80506
80516
80520
80524
80525
80528
80532
80546
80560
80601
80626
80634
80635
80644
80646
80653
80659
80679
80685
80689
80690
80693
80698
80699
80704
80714
80721
80730
80735
80738
80741
80751
80757
80760
80770
80773
80783
80810
80823
80829
80834
80843
80859
80861
80864
80880
80889
80894
80898
80906
80917
80918
80925
80935
80943
80949
80982
80985
80987
80990
81007
81008
81013
81017
81041
81051
81065
81092
81093
81094
81095
81099
81104
81106
81108
81111
81118
81120
81126
81132
81139
81145
81146
81158
81168
81170
81185
81193
81206
81213
81220
81221
81231
81238
81242
81246
81255
81262
81272
81284
81316
81326
81328
81334
81342
81348
81349
81351
81353
81358
81361
81373
81376
81394
81421
81444
81473
81474
81478
81481
81488
81506
81526
81527
81540
81541
81592
81595
81598
81607
81610
81614
81633
81647
81652
81667
81669
81670
81687
81705
81709
81723
81727
81734
81736
81742
81745
81755
81760
81784
81789
81793
81820
81822
81823
81831
81845
81849
81883
81888
81901
81912
81918
81929
81941
81944
81953
81954
81958
81964
81993
82003
82004
82016
82023
82048
82060
82064
82081
82095
82101
82103
82109
82111
82122
82127
82129
82146
82152
82161
82185
82200
82203
82217
82218
82223
82255
82266
82282
82301
82309
82313
82322
82344
82359
82360
82366
82370
82371
82376
82388
82393
82394
82406
82407
82410
82411
82441
82455
82463
82477
82480
82483
82484
82486
82501
82505
82520
82525
82565
82574
82576
82581
82588
82623
82630
82642
82654
82665
82666
82667
82671
82682
82685
82689
82697
82705
82720
82722
82727
82755
82778
82786
82793
82794
82796
82807
82810
82813
82817
82826
82827
82843
82848
82871
82882
82892
82905
82920
82956
82959
82970
82971
82987
83029
83036
83040
83060
83062
83072
83088
83109
83113
83116
83125
83144
83155
83171
83177
83184
83189
83209
83221
83226
83230
83233
83246
83267
83268
83271
83272
83279
83287
83298
83310
83318
83324
83325
83353
83364
83371
83374
83386
83388
83395
83400
83401
83415
83421
83433
83447
83449
83457
83473
83495
83496
83504
83515
83541
83554
83557
83564
83569
83572
83580
83583
83586
83587
83607
83615
83649
83654
83668
83681
83683
83684
83704
83723
83726
83752
83790
83799
83811
83827
83834
83836
83844
83847
83851
83861
83863
83871
83897
83920
83931
83945
83969
83971
83972
83985
83989
83993
83996
84004
84006
84007
84020
84026
84027
84030
84061
84066
84078
84080
84099
84108
84113
84120
84126
84136
84146
84151
84153
84167
84200
84202
84217
84234
84249
84252
84254
84268
84278
84292
84307
84318
84322
84332
84365
84366
84381
84384
84398
84400
84409
84412
84418
84421
84430
84437
84444
84447
84458
84466
84473
84475
84477
84484
84490
84492
84526
84528
84532
84538
84539
84541
84568
84594
84606
84613
84616
84625
84638
84645
84651
84656
84658
84674
84692
84702
84706
84708
84714
84715
84725
84740
84756
84760
84771
84794
84800
84807
84815
84821
84826
84829
84838
84842
84848
84882
84902
84904
84906
84912
84915
84948
84959
84971
84980
84994
84999
85032
85040
85044
85049
85054
85074
85078
85079
85092
85094
85119
85125
85137
85139
85147
85154
85157
85182
85201
85202
85203
85204
85221
85227
85230
85244
85253
85257
85259
85261
85266
85281
85282
85289
85299
85311
85347
85350
85353
85354
85359
85360
85370
85374
85390
85392
85394
85410
85414
85423
85431
85449
85451
85462
85466
85489
85496
85503
85508
85513
85521
85547
85559
85598
85599
85602
85628
85642
85645
85677
85704
85708
85714
85741
85744
85749
85754
85757
85759
85760
85777
85800
85811
85817
85832
85844
85848
85851
85861
85865
85867
85875
85879
85884
85885
85908
85919
85925
85939
85946
85951
85963
85972
85976
85978
85993
85998
86002
86020
86021
86034
86050
86051
86054
86056
86073
86098
86104
86105
86118
86121
86129
86137
86145
86149
86154
86157
86184
86190
86196
86206
86216
86228
86243
86245
86248
86258
86261
86277
86298
86311
86312
86319
86322
86332
86334
86342
86343
86353
86360
86394
86395
86407
86412
86414
86417
86425
86449
86467
86470
86492
86506
86533
86541
86555
86559
86579
86582
86592
86609
86611
86644
86675
86677
86682
86684
86694
86734
86735
86745
86758
86776
86795
86811
86833
86866
86891
86896
86898
86920
86922
86940
86942
86953
86956
86964
86996
86999
87002
87022
87024
87028
87046
87051
87063
87072
87076
87085
87093
87100
87104
87115
87116
87122
87144
87146
87154
87171
87173
87213
87216
87218
87222
87223
87230
87243
87245
87256
87285
87289
87300
87310
87321
87338
87344
87347
87355
87356
87365
87374
87384
87389
87404
87415
87425
87439
87454
87463
87467
87478
87490
87502
87503
87515
87517
87520
87531
87535
87551
87555
87565
87571
87576
87598
87599
87602
87605
87609
87655
87673
87675
87705
87715
87735
87738
87753
87755
87756
87758
87762
87785
87801
87803
87807
87815
87825
87842
87847
87856
87859
87860
87863
87873
87884
87890
87895
87903
87917
87918
87920
87924
87951
87957
87983
87994
88001
88006
88031
88043
88044
88051
88056
88062
88068
88072
88079
88087
88116
88120
88121
88128
88190
88191
88196
88199
88200
88202
88211
88227
88229
88249
88274
88279
88294
88299
88327
88333
88370
88392
88394
88424
88426
88427
88430
88439
88441
88460
88461
88486
88515
88519
88522
88531
88540
88582
88585
88591
88595
88631
88647
88649
88660
88666
88667
88675
88693
88696
88710
88716
88719
88727
88748
88770
88771
88800
88806
88816
88824
88829
88835
88855
88864
88868
88876
88885
88888
88890
88898
88905
88911
88913
88920
88923
88943
88952
88955
88976
89020
89040
89049
89058
89069
89086
89093
89100
89106
89119
89123
89124
89134
89141
89145
89148
89152
89162
89171
89174
89176
89177
89186
89193
89199
89205
89207
89212
89220
89222
89227
89230
89249
89253
89257
89259
89269
89282
89285
89295
89325
89327
89333
89338
89340
89355
89364
89370
89372
89404
89405
89412
89414
89416
89433
89438
89442
89445
89448
89452
89457
89468
89474
89475
89501
89508
89525
89530
89533
89539
89571
89573
89586
89595
89599
89616
89620
89627
89643
89650
89654
89657
89661
89684
89686
89694
89696
89721
89724
89734
89740
89783
89784
89793
89796
89797
89798
89811
89812
89823
89843
89862
89863
89878
89879
89884
89921
89935
89942
89945
89949
89995
89997
90003
90004
90006
90015
90022
90023
90032
90040
90048
90049
90051
90063
90083
90111
90116
90117
90125
90126
90132
90139
90147
90152
90168
90173
90174
90177
90194
90195
90203
90204
90209
90221
90224
90240
90241
90260
90261
90269
90294
90299
90306
90319
90322
90324
90340
90342
90353
90394
90409
90415
90419
90421
90446
90447
90461
90463
90465
90469
90473
90524
90529
90547
90558
90581
90607
90637
90650
90655
90676
90678
90712
90715
90722
90757
90765
90771
90793
90797
90804
90810
90815
90817
90842
90845
90846
90851
90871
90872
90873
90894
90909
90915
90924
90926
90931
90933
90937
90940
90942
90950
90955
90959
90965
90974
90980
91001
91013
91017
91050
91057
91085
91093
91096
91119
91132
91138
91154
91156
91159
91172
91182
91183
91188
91196
91207
91221
91222
91227
91228
91245
91268
91282
91322
91326
91336
91355
91359
91368
91371
91376
91382
91399
91411
91412
91416
91417
91446
91477
91490
91510
91514
91520
91526
91536
91543
91556
91572
91584
91593
91601
91606
91607
91609
91622
91649
91651
91661
91703
91705
91706
91713
91723
91727
91734
91736
91743
91753
91766
91772
91774
91777
91787
91788
91802
91804
91806
91818
91836
91839
91850
91851
91878
91883
91927
91936
91937
91939
91967
91970
91971
91982
91985
92031
92047
92048
92049
92066
92067
92068
92070
92074
92105
92106
92108
92111
92120
92134
92144
92173
92186
92196
92197
92199
92202
92214
92216
92223
92224
92225
92233
92245
92250
92254
92260
92266
92270
92274
92276
92288
92290
92292
92313
92318
92325
92340
92349
92366
92370
92374
92377
92379
92397
92403
92404
92408
92467
92478
92486
92494
92512
92515
92520
92521
92526
92546
92554
92561
92584
92585
92592
92596
92603
92611
92612
92616
92622
92629
92633
92634
92655
92661
92672
92673
92674
92687
92689
92711
92717
92720
92751
92771
92773
92777
92790
92818
92822
92824
92854
92858
92900
92922
92926
92927
92951
92954
92973
92976
92986
92987
93006
93011
93023
93028
93042
93053
93124
93126
93181
93199
93201
93226
93227
93230
93233
93279
93282
93290
93302
93306
93369
93390
93401
93416
93419
93425
93431
93450
93459
93466
93476
93495
93498
93500
93502
93505
93511
93540
93545
93550
93558
93560
93576
93608
93612
93614
93625
93631
93635
93662
93663
93667
93672
93678
93698
93717
93744
93746
93748
93753
93759
93762
93767
93770
93772
93777
93789
93790
93793
93795
93804
93811
93830
93832
93835
93837
93842
93851
93862
93864
93886
93894
93939
93946
93950
93951
93958
93963
93968
93976
94017
94033
94054
94055
94073
94079
94085
94102
94103
94104
94106
94115
94119
94120
94121
94122
94142
94146
94156
94159
94164
94178
94201
94218
94225
94228
94230
94240
94244
94247
94270
94272
94280
94284
94300
94303
94307
94321
94324
94358
94369
94393
94413
94423
94431
94432
94439
94451
94454
94459
94472
94474
94518
94538
94579
94602
94604
94617
94650
94651
94656
94677
94694
94706
94723
94728
94742
94743
94750
94767
94793
94803
94818
94837
94849
94856
94866
94868
94869
94892
94898
94904
94932
94950
94957
94960
94977
94986
94993
94994
94996
95009
95028
95037
95048
95052
95078
95096
95097
95103
95104
95108
95126
95131
95136
95138
95143
95144
95155
95181
95186
95191
95196
95199
95201
95207
95214
95220
95230
95237
95246
95263
95275
95281
95290
95293
95294
95300
95308
95328
95341
95345
95355
95371
95376
95398
95402
95407
95431
95433
95434
95443
95453
95454
95461
95462
95497
95503
95507
95520
95533
95552
95563
95570
95580
95599
95618
95626
95629
95644
95651
95653
95662
95681
95691
95703
95708
95711
95740
95763
95772
95791
95802
95810
95832
95838
95867
95873
95879
95890
95903
95918
95922
95933
95948
95959
95961
95967
95976
95986
96030
96043
96053
96076
96100
96101
96102
96106
96110
96117
96124
96133
96135
96165
96167
96177
96189
96208
96230
96240
96253
96271
96273
96275
96296
96303
96310
96313
96318
96319
96324
96327
96335
96344
96350
96351
96354
96356
96380
96391
96395
96425
96427
96429
96432
96435
96439
96445
96452
96478
96484
96486
96489
96504
96513
96539
96576
96597
96605
96609
96610
96615
96622
96637
96652
96654
96662
96668
96685
96710
96737
96757
96760
96763
96764
96766
96777
96784
96812
96826
96834
96844
96852
96859
96861
96880
96889
96892
96894
96897
96908
96911
96912
96945
96959
96972
96981
96982
96983
96987
96991
97012
97015
97019
97028
97045
97066
97087
97088
97106
97112
97113
97129
97135
97143
97158
97161
97182
97185
97188
97196
97212
97220
97223
97239
97256
97257
97270
97321
97335
97344
97348
97356
97361
97363
97365
97368
97376
97380
97388
97393
97395
97410
97411
97421
97426
97434
97437
97445
97446
97477
97490
97500
97502
97513
97544
97564
97572
97579
97588
97589
97592
97596
97612
97616
97618
97625
97637
97650
97653
97656
97677
97718
97738
97743
97776
97777
97779
97784
97787
97802
97817
97824
97845
97853
97871
97875
97879
97896
97945
97963
97966
97974
97979
97987
98000
98004
98008
98020
98040
98048
98057
98058
98059
98061
98067
98072
98081
98101
98106
98123
98130
98141
98150
98155
98156
98157
98158
98167
98181
98206
98212
98228
98240
98244
98254
98258
98261
98281
98285
98300
98306
98328
98337
98349
98370
98379
98381
98386
98402
98406
98415
98423
98429
98430
98434
98462
98477
98503
98513
98533
98537
98539
98540
98543
98544
98550
98562
98570
98571
98579
98582
98588
98592
98607
98616
98620
98632
98642
98649
98686
98693
98703
98733
98741
98746
98752
98759
98770
98775
98782
98786
98788
98799
98806
98834
98844
98862
98873
98876
98906
98909
98912
98921
98929
98944
98952
98957
98958
98960
98963
98968
98970
98972
98975
98980
99006
99025
99036
99044
99047
99050
99051
99053
99056
99070
99084
99087
99090
99104
99118
99133
99134
99148
99151
99157
99165
99172
99175
99190
99193
99195
99200
99201
99202
99205
99211
99215
99217
99220
99230
99234
99237
99242
99253
99255
99286
99298
99308
99310
99311
99315
99326
99343
99352
99353
99357
99362
99382
99385
99390
99391
99399
99401
99410
99429
99430
99440
99452
99454
99455
99457
99472
99477
99484
99509
99511
99521
99522
99539
99543
99546
99565
99566
99578
99583
99610
99615
99616
99651
99657
99659
99707
99708
99723
99724
99725
99729
99741
99750
99764
99769
99788
99790
99823
99827
99838
99839
99845
99865
99873
99893
99903
99929
99952
99960
99992
99993
99995
