122
166
260
295
331
342
470
488
711
742
852
857
887
986
1041
1083
1102
1241
1244
1359
1391
1396
1446
1488
1572
1583
1652
1664
1719
1763
1780
1906
1974
1982
2012
2045
2140
2279
2315
2346
2475
2656
2783
2800
2810
2828
2829
2853
2877
2882
2902
2950
3039
3067
3072
3088
3252
3341
3371
3421
3457
3499
3561
3574
3579
3580
3604
3622
3657
3679
3742
3785
3839
3958
4000
4034
4039
4042
4047
4100
4108
4187
4194
4203
4297
4319
4320
4418
4434
4445
4452
4526
4594
4601
4714
4720
4742
4844
4859
4891
4895
4948
4959
5094
5111
5156
5165
5200
5228
5230
5371
5461
5501
5537
5546
5557
5583
5586
5607
5610
5641
5747
5772
5830
5864
5992
6043
6303
6517
6519
6582
6734
6861
6864
6907
6909
6998
7025
7058
7063
7070
7085
7142
7175
7319
7330
7356
7357
7379
7390
7419
7479
7484
7501
7515
7712
7915
7951
7986
8069
8183
8220
8242
8259
8317
8325
8347
8348
8350
8358
8418
8497
8526
8584
8650
8764
8791
8903
8927
9053
9100
9239
9273
9281
9313
9341
9389
9410
9444
9457
9505
9600
9608
9654
9711
9830
9846
9867
9974
10001
10008
10087
10102
10106
10120
10124
10171
10196
10333
10364
10380
10395
10460
10462
10479
10504
10569
10618
10626
10632
10695
10792
10933
10975
10977
11045
11124
11180
11264
11268
11347
11389
11418
11466
11500
11545
11593
11597
11630
11678
11689
11768
11799
11860
11885
11915
11929
11979
11996
12161
12184
12247
12296
12435
12440
12450
12464
12475
12492
12495
12599
12700
12748
12793
12822
12875
12908
12909
12946
12962
13003
13039
13163
13183
13193
13317
13518
13560
13572
13575
13602
13613
13654
13721
13781
13914
14039
14062
14088
14111
14181
14236
14302
14304
14313
14330
14336
14348
14356
14381
14411
14419
14461
14471
14497
14542
14574
14764
14768
14818
14841
14905
14972
15010
15161
15269
15287
15325
15409
15436
15487
15544
15571
15787
15816
15822
15869
15888
15973
16068
16093
16100
16181
16246
16262
16351
16497
16602
16608
16632
16634
16675
16709
16753
16850
16871
16903
16905
16906
16979
17048
17104
17182
17209
17229
17266
17269
17337
17394
17449
17454
17492
17494
17497
17532
17601
17668
17684
17688
17725
17797
17846
17873
17895
17948
17951
18045
18064
18120
18157
18314
18332
18379
18404
18426
18490
18508
18515
18638
18655
18717
18719
18907
18918
18955
18995
18999
19086
19087
19115
19235
19371
19393
19494
19535
19536
19551
19597
19716
19743
19766
19805
19818
19819
19850
19862
19876
19887
19954
20071
20082
20149
20154
20196
20258
20353
20493
20623
20647
20648
20686
20709
20714
20767
20814
20815
20852
20871
20882
20903
21041
21082
21186
21191
21311
21346
21408
21423
21442
21580
21591
21644
21691
21757
21784
21945
21985
22059
22100
22133
22153
22243
22268
22330
22351
22388
22472
22538
22543
22590
22754
22833
22888
22999
23010
23123
23134
23191
23200
23210
23211
23241
23291
23373
23398
23450
23484
23550
23828
23912
23928
23943
24088
24284
24299
24332
24362
24398
24450
24480
24579
24585
24621
24626
24663
24701
24862
24949
25031
25061
25110
25176
25220
25265
25330
25331
25352
25407
25419
25425
25473
25498
25652
25819
25860
25916
25929
25997
26022
26043
26068
26148
26183
26198
26203
26205
26366
26377
26414
26476
26507
26511
26549
26710
26772
26797
26833
26837
26895
26910
26984
26992
26994
27124
27184
27226
27228
27239
27244
27255
27354
27434
27604
27652
27748
27750
27757
27769
27855
27968
28090
28093
28160
28202
28236
28317
28329
28354
28413
28425
28451
28645
28682
28718
28873
28975
29042
29043
29049
29094
29279
29290
29303
29359
29514
29516
29564
29728
29768
29946
29999
30014
30023
30131
30343
30361
30370
30376
30466
30482
30495
30547
30590
30627
30715
30747
30826
30832
30849
30891
30942
30961
31001
31039
31099
31123
31199
31217
31279
31368
31478
31483
31586
31594
31658
31756
31794
31840
31856
31891
31974
31987
32135
32148
32154
32184
32297
32379
32600
32618
32652
32656
32697
32839
32846
33030
33048
33055
33085
33099
33116
33180
33313
33324
33336
33368
33384
33471
33506
33557
33657
33670
33724
33742
33784
33796
33797
33931
33951
34050
34186
34187
34233
34326
34393
34437
34447
34454
34474
34548
34619
34766
34802
34810
34834
34916
34961
34979
35012
35101
35136
35184
35201
35202
35247
35260
35293
35296
35438
35556
35580
35618
35627
35652
35661
35771
35837
35841
35900
35919
36049
36088
36103
36112
36151
36167
36212
36226
36314
36450
36498
36541
36567
36583
36589
36651
36671
36746
36756
36779
36822
36906
36914
36924
36952
37059
37088
37136
37180
37184
37197
37277
37364
37482
37483
37497
37522
37541
37608
37624
37637
37753
37790
37804
37827
37858
37865
37903
37927
38041
38094
38140
38259
38293
38315
38326
38462
38491
38593
38620
38666
38698
38739
38747
38748
38891
38912
38970
39052
39267
39280
39296
39416
39484
39540
39611
39684
39931
39938
39947
39954
39996
40089
40100
40394
40506
40543
40566
40609
40673
40756
40808
40938
40959
41074
41104
41117
41215
41252
41269
41374
41446
41524
41539
41682
41707
41764
41835
41922
41988
42034
42087
42146
42168
42323
42325
42337
42518
42525
42571
42626
42760
42791
42866
42869
42892
42901
42966
42974
43006
43010
43013
43041
43069
43125
43144
43194
43227
43239
43302
43325
43492
43513
43537
43541
43551
43617
43621
43639
43645
43656
43825
43855
43863
43998
44111
44130
44147
44214
44225
44239
44254
44445
44621
44674
44740
44774
44778
44860
44873
44903
44917
44999
45052
45130
45174
45212
45242
45302
45303
45354
45397
45410
45487
45610
45624
45704
45715
45719
45731
45779
45886
45893
45989
45997
46029
46056
46086
46259
46317
46384
46452
46510
46577
46640
46658
46813
46882
46901
46925
46980
47070
47155
47263
47323
47473
47478
47534
47612
47672
47704
47706
47722
47750
47836
47979
47994
48014
48045
48137
48189
48216
48316
48338
48346
48379
48524
48536
48557
48586
48590
48597
48611
48731
48732
48758
48802
48810
48826
48840
48855
48973
49009
49069
49126
49135
49223
49235
49266
49299
49322
49349
49357
49413
49427
49475
49525
49607
49633
49634
49649
49660
49671
49698
49735
49740
49810
49858
49873
49899
50022
50079
50091
50104
50222
50341
50349
50359
50420
50483
50626
50680
50761
50838
50843
50895
50903
50924
50964
51006
51021
51039
51057
51142
51205
51218
51334
51449
51499
51519
51560
51587
51637
51682
51705
51737
51763
51852
51975
52026
52037
52110
52153
52166
52557
52567
52618
52633
52654
52682
52703
52751
52772
52960
52961
52969
52972
53033
53076
53112
53118
53145
53218
53288
53290
53494
53539
53579
53609
53664
53793
53849
53854
53881
53970
53972
54020
54027
54034
54090
54099
54145
54207
54250
54290
54346
54508
54513
54526
54532
54565
54582
54598
54672
54711
54778
54801
54816
54905
54942
54955
55152
55190
55258
55266
55278
55292
55307
55350
55362
55522
55658
55693
55727
55835
55883
56013
56048
56211
56224
56227
56323
56344
56370
56565
56576
56594
56635
56754
56763
56869
57028
57035
57096
57108
57151
57249
57286
57328
57390
57399
57486
57487
57506
57871
57873
57923
57946
58004
58022
58082
58165
58186
58234
58266
58288
58302
58333
58475
58512
58554
58595
58634
58644
58656
58697
58704
58712
58730
58737
58839
58844
58851
58896
58957
59059
59100
59223
59286
59295
59392
59451
59464
59549
59561
59604
59672
59850
59870
59875
59929
60090
60149
60268
60310
60382
60393
60485
60533
60604
60610
60611
60612
60694
60717
60809
60987
61009
61017
61018
61096
61202
61259
61300
61359
61402
61578
61580
61622
61721
61734
61796
61808
61851
61895
61984
62097
62107
62123
62138
62144
62243
62267
62275
62315
62330
62494
62495
62533
62549
62596
62613
62687
62705
62784
62806
62832
62889
62901
62985
62991
63043
63056
63061
63088
63127
63224
63236
63326
63352
63468
63534
63568
63597
63692
63844
63899
63946
63970
63977
64023
64049
64164
64184
64215
64224
64306
64327
64353
64373
64376
64399
64424
64437
64456
64612
64618
64635
64717
64718
64732
64748
64751
64785
64828
64892
64918
64976
64982
65031
65040
65076
65082
65110
65217
65261
65287
65305
65316
65363
65397
65448
65523
65524
65533
65592
65630
65632
65674
65675
65720
65739
65749
65833
65881
66017
66275
66321
66349
66370
66372
66442
66450
66473
66497
66581
66606
66618
66634
66668
66722
66777
66788
66847
67142
67211
67226
67231
67249
67311
67339
67410
67427
67460
67516
67569
67592
67687
67783
67824
67888
67933
67989
68106
68116
68152
68280
68294
68446
68529
68560
68564
68704
68716
68739
68751
68839
68900
68907
68910
68990
69033
69042
69067
69069
69095
69163
69254
69260
69374
69418
69426
69551
69572
69579
69624
69738
69755
69775
69788
69810
69832
69849
69923
69946
69995
70201
70227
70258
70276
70365
70371
70377
70417
70446
70449
70492
70509
70540
70597
70634
70774
70872
71033
71250
71305
71417
71419
71443
71532
71558
71622
71653
71677
71738
71787
71841
71861
71894
71920
72161
72165
72186
72220
72256
72282
72308
72312
72321
72399
72459
72504
72530
72674
72682
72731
72812
72829
72988
73020
73045
73087
73173
73183
73241
73295
73319
73399
73450
73460
73468
73470
73490
73496
73503
73520
73564
73580
73589
73616
73696
73811
73817
73921
73938
74038
74144
74153
74196
74309
74323
74376
74391
74481
74546
74624
74756
74772
74945
74985
75007
75012
75058
75131
75138
75433
75445
75465
75508
75696
75725
75839
75856
75859
75947
75959
76015
76023
76040
76048
76107
76247
76301
76314
76323
76375
76471
76518
76542
76625
76709
76753
76845
76870
76896
76986
76989
77046
77127
77203
77297
77330
77439
77453
77468
77486
77539
77560
77603
77618
77660
77672
77680
77697
77743
77971
78047
78109
78118
78187
78188
78266
78338
78386
78461
78513
78575
78585
78728
78842
78859
78914
78922
79142
79152
79201
79237
79331
79354
79387
79411
79422
79435
79484
79562
79568
79597
79646
79758
79791
79821
79968
80024
80043
80125
80139
80159
80189
80226
80265
80291
80366
80397
80419
80434
80454
80531
80636
80651
80968
81020
81113
81256
81262
81350
81358
81426
81483
81578
81607
81667
81679
81752
81811
81866
81872
81921
81987
82116
82299
82308
82478
82516
82525
82635
82665
82870
82875
82900
82907
82916
82918
82922
82928
82929
82986
83117
83164
83319
83356
83385
83415
83502
83572
83594
83615
83661
83804
83824
83869
83878
83955
84017
84029
84092
84150
84252
84286
84321
84345
84349
84436
84445
84450
84506
84521
84590
84603
84685
84705
84713
84767
84776
84799
84818
84845
84850
84934
84945
84953
84955
84962
84986
85052
85054
85081
85102
85138
85143
85146
85208
85227
85275
85280
85288
85339
85434
85473
85477
85495
85562
85575
85596
85599
85619
85683
85707
85726
85777
85867
85895
85993
85995
86002
86098
86169
86214
86279
86302
86316
86413
86447
86672
86690
86787
86874
86947
86973
87005
87043
87073
87104
87109
87140
87190
87199
87226
87234
87291
87359
87376
87377
87439
87488
87512
87622
87718
87758
87770
87938
88047
88137
88165
88206
88207
88264
88276
88294
88301
88363
88389
88406
88457
88516
88538
88624
88650
88679
88716
88717
88740
88811
88817
88915
88926
88980
89019
89068
89113
89357
89358
89423
89450
89726
89738
89944
89989
90004
90014
90053
90056
90174
90310
90328
90433
90447
90448
90569
90617
90762
90787
90837
90864
90889
90975
90976
90998
91009
91016
91058
91062
91075
91112
91114
91178
91211
91253
91318
91392
91396
91444
91521
91655
91658
91676
91706
91709
91756
91781
91795
91931
91948
91981
92004
92051
92061
92190
92204
92285
92334
92352
92523
92579
92587
92631
92697
92719
92804
92832
92855
92867
92895
93173
93298
93307
93462
93563
93592
93600
93697
93773
93816
93883
93907
93974
94014
94056
94117
94173
94263
94336
94375
94380
94389
94479
94506
94561
94589
94592
94608
94611
94805
94808
94824
94948
95021
95070
95077
95268
95372
95388
95400
95402
95477
95583
95647
95696
95712
95720
95721
95764
95795
95838
95890
95931
95964
95992
96002
96012
96027
96082
96110
96119
96122
96131
96143
96241
96350
96361
96403
96491
96646
96719
96743
96806
96835
96945
96965
97017
97029
97048
97062
97085
97123
97169
97256
97426
97427
97436
97482
97490
97511
97545
97700
97734
97763
97776
97828
97948
97986
97989
98007
98015
98073
98157
98190
98242
98244
98302
98338
98423
98437
98495
98539
98607
98616
98668
98767
98891
98919
98936
99078
99081
99136
99150
99161
99236
99440
99451
99472
99647
99689
99737
99755
99834
99863
99926
99930
99932
99972
