6
8
12
13
17
20
32
33
37
50
53
55
56
58
59
90
94
103
104
109
111
112
114
119
123
132
135
137
143
144
145
147
156
161
163
168
171
172
180
181
190
192
195
206
215
218
223
224
243
252
260
263
264
266
268
269
274
277
279
285
288
289
292
305
308
315
316
318
320
321
322
323
324
335
338
352
370
371
376
378
386
387
394
398
399
405
407
409
413
416
431
436
441
450
456
461
466
467
474
475
477
478
483
485
496
506
512
513
514
516
518
519
528
532
535
539
540
541
545
548
555
558
563
566
570
571
575
581
583
584
590
591
599
600
618
622
633
636
654
655
659
664
668
675
682
684
693
696
698
699
706
708
715
717
718
720
721
723
725
735
738
742
743
753
756
757
762
763
766
774
776
788
792
795
801
805
806
809
812
816
820
822
824
832
849
872
876
878
880
892
895
897
898
904
905
909
912
914
918
922
924
925
927
928
929
933
936
939
940
941
945
950
953
956
963
982
992
999
1005
1020
1028
1049
1056
1064
1065
1072
1082
1095
1097
1126
1128
1129
1132
1135
1141
1146
1154
1155
1156
1158
1159
1161
1165
1168
1172
1187
1205
1206
1207
1210
1211
1212
1214
1221
1224
1237
1249
1258
1261
1271
1273
1282
1287
1290
1298
1300
1302
1311
1312
1318
1325
1328
1331
1332
1334
1342
1344
1345
1348
1349
1353
1354
1356
1357
1367
1378
1389
1393
1396
1402
1412
1414
1416
1417
1420
1425
1430
1432
1435
1437
1439
1440
1441
1442
1447
1458
1465
1468
1470
1471
1473
1478
1487
1490
1492
1495
1499
1503
1506
1508
1510
1512
1526
1547
1551
1555
1557
1558
1559
1565
1571
1573
1575
1576
1581
1594
1597
1598
1599
1602
1607
1614
1615
1619
1620
1625
1628
1631
1633
1636
1641
1644
1646
1657
1659
1675
1678
1686
1689
1698
1699
1705
1710
1717
1722
1723
1728
1733
1737
1738
1739
1741
1758
1759
1760
1764
1767
1769
1770
1772
1784
1790
1791
1792
1810
1811
1812
1814
1820
1822
1828
1830
1833
1834
1847
1849
1858
1864
1867
1868
1869
1871
1878
1883
1897
1901
1906
1909
1911
1912
1913
1918
1919
1921
1928
1929
1934
1935
1941
1949
1954
1966
1967
1975
1984
1992
1994
1996
1997
1998
1999
2007
2008
2013
2016
2019
2020
2023
2024
2026
2029
2032
2037
2044
2051
2058
2062
2065
2066
2092
2093
2098
2103
2124
2127
2130
2132
2134
2140
2142
2151
2159
2172
2177
2180
2181
2184
2190
2198
2206
2213
2222
2223
2226
2245
2250
2252
2256
2276
2285
2291
2293
2296
2301
2305
2313
2316
2318
2325
2335
2336
2337
2348
2349
2352
2353
2383
2385
2387
2390
2391
2392
2398
2411
2416
2420
2422
2426
2428
2445
2461
2463
2467
2468
2470
2480
2488
2497
2500
2503
2519
2531
2533
2539
2542
2546
2548
2549
2565
2566
2574
2575
2584
2587
2595
2606
2612
2626
2629
2632
2646
2658
2662
2663
2670
2682
2688
2691
2703
2706
2707
2719
2724
2729
2731
2734
2737
2738
2741
2744
2749
2753
2756
2773
2776
2779
2782
2784
2792
2794
2796
2802
2810
2812
2817
2820
2825
2840
2846
2847
2848
2863
2872
2876
2877
2899
2904
2906
2913
2915
2922
2927
2937
2940
2942
2944
2946
2947
2950
2952
2956
2960
2961
2963
2965
2969
2982
2992
3011
3012
3013
3014
3015
3018
3021
3023
3038
3043
3044
3051
3054
3056
3060
3061
3063
3066
3068
3071
3077
3079
3081
3089
3094
3097
3115
3124
3132
3143
3151
3154
3155
3157
3160
3162
3165
3171
3172
3178
3179
3182
3198
3199
3200
3203
3207
3208
3212
3219
3227
3233
3235
3243
3246
3255
3257
3275
3277
3279
3281
3282
3289
3302
3303
3308
3309
3310
3313
3327
3330
3341
3343
3344
3351
3354
3358
3361
3362
3365
3367
3379
3383
3389
3398
3403
3411
3414
3415
3425
3429
3432
3436
3449
3451
3453
3454
3458
3468
3472
3473
3478
3479
3488
3493
3494
3498
3500
3512
3518
3522
3530
3533
3537
3538
3539
3540
3542
3547
3548
3555
3559
3563
3565
3577
3583
3586
3591
3597
3600
3604
3607
3621
3622
3630
3633
3636
3645
3651
3659
3663
3670
3675
3678
3680
3684
3692
3695
3699
3703
3705
3706
3711
3716
3720
3727
3732
3737
3738
3747
3748
3756
3759
3769
3771
3777
3779
3792
3797
3802
3805
3812
3816
3827
3835
3839
3841
3842
3844
3847
3849
3871
3879
3884
3889
3894
3895
3899
3902
3913
3914
3916
3918
3923
3940
3941
3945
3952
3966
3967
3968
3970
3973
3979
3985
3990
3993
3994
3995
4003
4007
4012
4017
4018
4022
4024
4025
4029
4032
4035
4045
4052
4055
4056
4063
4066
4068
4075
4078
4089
4095
4108
4110
4118
4126
4133
4140
4144
4151
4157
4159
4166
4179
4181
4188
4191
4192
4196
4214
4216
4217
4219
4228
4237
4246
4249
4256
4261
4263
4264
4265
4269
4277
4281
4294
4295
4296
4300
4301
4303
4307
4317
4334
4342
4349
4355
4372
4373
4388
4389
4399
4406
4409
4413
4417
4423
4424
4426
4429
4438
4439
4440
4450
4456
4464
4473
4479
4483
4484
4487
4495
4499
4500
4505
4506
4515
4518
4521
4522
4529
4531
4535
4545
4557
4559
4560
4565
4578
4582
4588
4593
4596
4599
4606
4607
4613
4616
4627
4630
4631
4632
4637
4646
4655
4656
4664
4666
4670
4673
4683
4685
4688
4700
4702
4703
4704
4708
4733
4735
4736
4740
4744
4747
4748
4765
4776
4780
4784
4785
4793
4796
4801
4802
4805
4808
4816
4820
4829
4837
4841
4851
4853
4865
4866
4873
4875
4878
4880
4884
4888
4896
4899
4900
4905
4907
4920
4924
4932
4939
4940
4948
4961
4965
4974
4983
4985
4986
4987
4988
4989
4990
4996
5000
5005
5006
5011
5016
5024
5029
5037
5043
5047
5053
5058
5059
5062
5063
5089
5093
5094
5095
5099
5111
5114
5119
5122
5123
5145
5153
5156
5157
5158
5159
5163
5168
5170
5178
5179
5183
5193
5195
5205
5214
5227
5231
5236
5239
5240
5241
5251
5252
5256
5257
5260
5276
5286
5288
5292
5304
5309
5314
5317
5320
5323
5325
5349
5358
5359
5363
5365
5369
5372
5373
5379
5380
5381
5387
5396
5400
5401
5413
5415
5420
5422
5426
5437
5445
5449
5451
5459
5461
5464
5467
5470
5474
5477
5484
5508
5511
5516
5517
5523
5535
5540
5541
5544
5551
5556
5560
5561
5578
5591
5597
5605
5610
5613
5629
5640
5652
5662
5672
5673
5674
5677
5680
5686
5687
5701
5703
5715
5726
5730
5733
5740
5741
5744
5750
5751
5753
5762
5764
5768
5770
5776
5777
5782
5783
5786
5787
5788
5789
5798
5801
5802
5807
5818
5824
5835
5839
5844
5847
5862
5866
5868
5878
5883
5893
5901
5904
5916
5919
5920
5923
5930
5937
5938
5951
5966
5968
5971
5974
5976
5978
5980
5989
5991
5997
6000
6005
6014
6017
6026
6038
6045
6050
6052
6059
6063
6066
6073
6077
6081
6092
6094
6095
6098
6107
6108
6113
6125
6126
6132
6135
6137
6146
6154
6162
6165
6167
6169
6172
6177
6180
6208
6211
6215
6217
6225
6227
6229
6233
6235
6236
6237
6238
6241
6245
6255
6263
6268
6271
6272
6294
6300
6301
6303
6306
6308
6311
6316
6317
6321
6328
6329
6333
6336
6339
6342
6343
6349
6356
6362
6363
6365
6371
6373
6377
6394
6396
6405
6411
6412
6417
6419
6432
6436
6450
6459
6466
6467
6471
6475
6481
6483
6486
6493
6495
6502
6504
6505
6518
6520
6537
6540
6541
6542
6543
6554
6563
6581
6586
6587
6588
6595
6597
6598
6602
6608
6609
6611
6618
6623
6626
6627
6629
6635
6639
6654
6663
6666
6667
6668
6672
6675
6676
6682
6684
6696
6706
6710
6713
6716
6717
6718
6720
6730
6733
6737
6742
6753
6754
6757
6767
6776
6777
6778
6796
6800
6802
6804
6808
6811
6816
6819
6822
6831
6835
6837
6839
6855
6860
6865
6873
6874
6876
6884
6887
6889
6893
6904
6906
6909
6910
6922
6926
6927
6928
6948
6965
6977
6978
6980
6984
6985
6986
7007
7011
7012
7014
7015
7024
7029
7031
7032
7034
7044
7045
7054
7061
7063
7067
7076
7079
7082
7084
7094
7098
7100
7101
7105
7112
7117
7118
7120
7121
7122
7123
7124
7127
7132
7133
7138
7146
7155
7162
7163
7174
7175
7180
7181
7187
7188
7195
7202
7205
7209
7216
7217
7230
7233
7238
7240
7241
7261
7272
7282
7285
7286
7288
7289
7296
7297
7300
7304
7308
7315
7323
7332
7346
7348
7349
7362
7365
7368
7370
7374
7376
7380
7392
7394
7396
7399
7407
7415
7417
7419
7421
7426
7427
7430
7432
7441
7442
7445
7466
7469
7484
7492
7507
7508
7509
7515
7525
7531
7533
7536
7553
7556
7557
7560
7563
7564
7568
7592
7595
7599
7601
7604
7615
7616
7618
7623
7628
7633
7634
7635
7637
7639
7654
7656
7661
7664
7666
7668
7671
7672
7680
7684
7685
7688
7691
7692
7694
7706
7708
7714
7720
7724
7737
7744
7747
7752
7753
7758
7760
7767
7776
7777
7784
7788
7797
7800
7806
7808
7811
7835
7841
7846
7850
7852
7860
7861
7869
7873
7885
7903
7908
7909
7910
7913
7915
7927
7930
7931
7932
7936
7937
7944
7948
7950
7954
7955
7956
7957
7958
7964
7969
7976
7980
7982
7987
7988
7993
7999
8014
8018
8024
8028
8038
8046
8059
8064
8065
8066
8085
8087
8097
8108
8110
8111
8117
8123
8130
8134
8135
8137
8142
8146
8148
8149
8150
8154
8160
8167
8173
8175
8189
8193
8194
8203
8205
8213
8217
8223
8230
8234
8235
8240
8249
8253
8255
8257
8259
8261
8273
8274
8276
8277
8282
8283
8293
8297
8304
8308
8310
8311
8314
8318
8325
8326
8334
8336
8341
8355
8359
8361
8365
8366
8375
8376
8379
8381
8382
8387
8406
8418
8422
8435
8441
8443
8449
8452
8460
8463
8464
8467
8472
8477
8480
8485
8491
8496
8501
8502
8512
8514
8519
8523
8524
8531
8533
8534
8553
8565
8566
8568
8571
8575
8576
8580
8589
8590
8591
8592
8594
8595
8601
8603
8606
8608
8620
8621
8622
8627
8630
8637
8640
8641
8644
8650
8652
8657
8664
8667
8669
8672
8677
8684
8696
8699
8705
8708
8710
8711
8717
8721
8722
8723
8728
8742
8751
8755
8758
8764
8765
8766
8770
8777
8781
8783
8785
8790
8791
8795
8796
8798
8801
8815
8821
8823
8831
8832
8852
8854
8855
8857
8864
8867
8868
8873
8886
8891
8892
8894
8896
8899
8901
8903
8922
8928
8934
8936
8954
8964
8983
8985
8986
8990
8992
8993
9001
9009
9011
9015
9018
9023
9026
9035
9037
9043
9047
9049
9055
9082
9084
9096
9098
9101
9108
9131
9156
9157
9158
9159
9160
9161
9164
9165
9168
9170
9171
9173
9174
9178
9180
9184
9186
9192
9203
9204
9212
9213
9218
9220
9225
9231
9234
9241
9255
9256
9257
9265
9268
9272
9277
9279
9288
9310
9318
9321
9322
9326
9330
9349
9351
9359
9367
9369
9372
9374
9375
9379
9380
9389
9395
9398
9400
9406
9408
9412
9414
9424
9430
9432
9436
9437
9440
9442
9450
9457
9462
9463
9469
9477
9479
9480
9482
9487
9489
9490
9492
9493
9495
9496
9499
9502
9510
9516
9522
9535
9550
9552
9558
9563
9564
9565
9566
9573
9582
9585
9586
9591
9596
9604
9608
9620
9624
9628
9629
9636
9638
9641
9648
9654
9666
9673
9674
9681
9691
9695
9700
9708
9715
9717
9730
9765
9772
9773
9776
9788
9790
9791
9798
9799
9806
9812
9821
9828
9835
9836
9848
9849
9857
9871
9879
9889
9892
9893
9896
9900
9912
9913
9921
9922
9929
9935
9940
9945
9949
9951
9957
9959
9961
9968
9969
9970
9973
9974
9976
9981
9987
9995
