4
6
7
9
11
15
17
24
27
31
36
37
38
45
59
60
64
67
68
69
71
77
78
80
81
84
86
87
88
90
91
92
93
98
99
103
105
107
111
114
115
118
125
126
128
129
130
131
137
140
141
142
143
145
146
147
151
152
156
157
160
162
163
175
178
179
181
189
190
191
193
195
197
199
200
201
203
209
211
216
218
221
225
228
229
232
235
236
238
240
245
246
249
252
255
258
263
265
269
271
277
281
283
287
289
291
292
293
294
296
299
300
302
303
306
310
311
315
316
318
319
320
321
324
325
327
329
330
332
335
337
342
349
350
352
355
356
358
364
366
372
375
378
383
386
391
392
394
398
399
405
409
410
414
417
419
422
424
426
429
431
432
433
434
436
441
443
445
448
453
454
457
458
461
470
472
473
475
476
478
480
486
488
491
496
498
499
504
509
510
514
519
521
523
524
531
533
536
541
543
545
548
550
553
555
559
560
562
563
564
567
568
570
573
577
583
588
589
592
594
596
597
599
601
604
605
606
607
611
615
617
619
620
628
629
634
635
642
647
653
654
657
664
668
669
676
677
678
681
682
687
688
689
690
691
695
696
699
700
702
708
711
712
714
715
716
719
721
727
728
729
730
732
734
735
737
743
744
745
746
751
754
755
759
760
763
767
768
769
770
771
773
776
777
778
783
785
787
789
791
794
796
797
799
801
804
805
806
807
810
811
814
816
819
820
822
823
825
826
828
831
836
839
840
841
844
847
848
849
850
858
860
862
865
866
868
869
870
872
873
875
877
880
881
882
884
886
888
890
898
899
901
902
907
908
910
916
919
921
922
923
924
926
931
935
936
937
938
939
947
948
949
950
952
953
955
957
958
961
962
963
966
967
976
977
981
985
986
987
988
993
997
998
1000
1001
1002
1007
1010
1014
1015
1016
1020
1023
1026
1027
1029
1030
1031
1034
1037
1038
1039
1042
1046
1048
1051
1052
1054
1056
1057
1059
1061
1063
1064
1069
1070
1071
1073
1075
1077
1078
1081
1086
1092
1094
1096
1099
1101
1102
1104
1105
1106
1109
1113
1115
1117
1118
1122
1126
1127
1130
1132
1133
1134
1135
1136
1139
1140
1142
1144
1146
1147
1148
1152
1153
1154
1157
1158
1160
1162
1163
1165
1168
1169
1171
1173
1176
1184
1187
1189
1190
1192
1194
1196
1198
1200
1201
1202
1204
1205
1206
1211
1214
1215
1216
1221
1222
1225
1232
1235
1236
1237
1239
1240
1242
1244
1245
1249
1251
1254
1255
1256
1257
1260
1265
1275
1277
1279
1281
1283
1287
1291
1295
1297
1300
1301
1305
1310
1314
1315
1316
1322
1324
1326
1327
1328
1330
1334
1335
1336
1339
1341
1343
1346
1350
1351
1352
1356
1358
1359
1362
1363
1364
1366
1367
1369
1371
1372
1377
1380
1381
1383
1390
1391
1392
1397
1399
1409
1416
1417
1420
1421
1426
1428
1429
1434
1445
1446
1448
1450
1460
1461
1462
1463
1465
1466
1467
1468
1471
1473
1476
1477
1478
1485
1486
1490
1491
1492
1496
1500
1502
1503
1507
1508
1509
1512
1515
1518
1519
1520
1521
1523
1525
1527
1529
1530
1534
1539
1540
1546
1551
1552
1554
1555
1560
1562
1567
1569
1575
1578
1581
1587
1588
1589
1590
1591
1593
1594
1596
1597
1601
1603
1604
1605
1610
1611
1617
1618
1619
1622
1624
1625
1628
1629
1631
1637
1643
1645
1649
1650
1655
1656
1659
1660
1666
1670
1678
1686
1687
1690
1701
1702
1703
1704
1705
1710
1711
1714
1721
1722
1727
1730
1731
1733
1737
1741
1744
1746
1754
1756
1758
1761
1763
1768
1770
1772
1774
1776
1786
1787
1789
1790
1793
1797
1799
1800
1802
1805
1808
1809
1813
1816
1822
1823
1825
1826
1827
1829
1830
1832
1834
1836
1842
1847
1848
1849
1852
1853
1854
1864
1868
1871
1872
1873
1874
1875
1877
1881
1882
1888
1889
1891
1894
1895
1896
1901
1903
1904
1909
1910
1911
1912
1913
1915
1916
1917
1923
1924
1927
1933
1935
1936
1937
1938
1940
1941
1943
1944
1949
1950
1954
1955
1956
1958
1960
1963
1964
1966
1967
1972
1974
1977
1979
1980
1983
1985
1986
1992
1995
1997
2001
2002
2004
2007
2009
2010
2011
2016
2018
2021
2022
2023
2024
2026
2027
2028
2031
2032
2033
2037
2038
2040
2041
2042
2044
2048
2049
2051
2053
2063
2064
2065
2066
2068
2069
2070
2076
2082
2085
2090
2093
2096
2098
2099
2101
2103
2111
2116
2119
2122
2126
2128
2129
2132
2138
2143
2144
2146
2151
2158
2159
2161
2163
2164
2165
2166
2169
2170
2171
2172
2173
2174
2175
2177
2179
2180
2181
2187
2188
2192
2196
2198
2200
2202
2203
2210
2212
2213
2215
2217
2218
2223
2238
2242
2243
2246
2249
2254
2257
2259
2260
2262
2264
2266
2268
2269
2271
2272
2273
2275
2278
2279
2281
2284
2285
2286
2287
2288
2292
2293
2294
2301
2304
2306
2314
2318
2319
2320
2325
2326
2327
2330
2332
2336
2338
2344
2353
2354
2358
2361
2363
2364
2365
2368
2369
2371
2379
2383
2391
2393
2395
2397
2401
2405
2406
2408
2409
2412
2416
2418
2422
2423
2426
2432
2436
2440
2441
2445
2449
2452
2453
2459
2461
2463
2464
2465
2467
2468
2469
2473
2474
2476
2477
2478
2479
2482
2483
2484
2486
2487
2488
2489
2492
2494
2496
2498
2499
2506
2508
2509
2513
2514
2516
2517
2519
2521
2523
2527
2528
2530
2535
2536
2539
2540
2541
2544
2545
2549
2551
2554
2558
2559
2563
2564
2565
2570
2572
2573
2574
2575
2576
2578
2579
2583
2585
2587
2590
2598
2599
2603
2605
2606
2608
2611
2612
2616
2618
2621
2624
2630
2632
2635
2639
2645
2652
2653
2654
2656
2662
2663
2666
2668
2678
2679
2680
2681
2687
2688
2689
2690
2691
2694
2695
2696
2701
2705
2708
2709
2710
2712
2714
2716
2720
2722
2724
2726
2727
2729
2731
2733
2734
2736
2738
2744
2747
2748
2749
2752
2754
2755
2757
2760
2763
2771
2772
2775
2777
2778
2783
2786
2787
2788
2793
2795
2796
2798
2800
2803
2807
2808
2810
2814
2815
2816
2817
2818
2826
2827
2830
2833
2836
2837
2841
2842
2844
2846
2848
2850
2854
2855
2859
2861
2866
2871
2873
2878
2881
2883
2885
2887
2888
2891
2892
2903
2904
2905
2906
2907
2909
2913
2914
2918
2923
2925
2929
2930
2931
2932
2933
2935
2938
2941
2942
2943
2944
2946
2947
2948
2951
2953
2955
2956
2957
2958
2959
2960
2961
2964
2965
2975
2977
2978
2979
2982
2984
2985
2988
2990
2992
2995
3004
3005
3006
3012
3015
3016
3019
3020
3024
3027
3028
3030
3031
3032
3033
3034
3035
3036
3039
3040
3045
3046
3047
3049
3050
3054
3055
3056
3059
3062
3065
3067
3070
3071
3076
3077
3078
3079
3080
3082
3085
3086
3090
3094
3097
3105
3112
3115
3120
3127
3129
3131
3133
3143
3145
3146
3148
3149
3151
3153
3161
3162
3163
3166
3167
3168
3171
3172
3173
3181
3182
3184
3185
3189
3190
3197
3198
3199
3201
3206
3207
3208
3212
3213
3217
3220
3228
3230
3232
3235
3240
3241
3243
3244
3245
3246
3251
3254
3258
3259
3261
3262
3263
3264
3269
3271
3273
3274
3278
3279
3283
3287
3288
3289
3292
3293
3297
3298
3310
3312
3318
3320
3321
3322
3327
3328
3329
3330
3333
3338
3340
3341
3342
3345
3348
3351
3353
3354
3355
3358
3365
3366
3367
3372
3376
3377
3384
3385
3386
3387
3388
3390
3392
3393
3395
3399
3401
3404
3407
3408
3409
3412
3416
3422
3423
3431
3433
3434
3436
3443
3444
3445
3446
3451
3460
3461
3462
3463
3465
3466
3467
3469
3470
3471
3472
3473
3474
3476
3478
3479
3480
3481
3483
3484
3487
3489
3491
3493
3496
3499
3501
3502
3504
3508
3510
3512
3515
3517
3518
3519
3522
3524
3525
3528
3529
3530
3531
3533
3536
3541
3543
3544
3549
3553
3559
3562
3566
3567
3570
3572
3573
3575
3576
3577
3580
3585
3586
3587
3589
3591
3595
3597
3599
3603
3604
3610
3611
3614
3617
3619
3623
3625
3626
3630
3631
3632
3633
3634
3636
3638
3643
3644
3645
3646
3650
3652
3653
3654
3655
3656
3659
3665
3666
3672
3674
3675
3676
3677
3680
3681
3683
3688
3693
3694
3695
3700
3702
3706
3708
3710
3711
3713
3719
3722
3728
3729
3730
3732
3737
3738
3739
3743
3748
3752
3754
3755
3756
3758
3759
3762
3764
3768
3771
3774
3775
3777
3781
3783
3784
3785
3787
3788
3795
3799
3802
3803
3806
3812
3813
3815
3818
3823
3827
3828
3829
3831
3832
3835
3836
3839
3840
3841
3842
3848
3849
3850
3852
3853
3860
3865
3866
3871
3872
3873
3874
3881
3882
3889
3894
3895
3896
3898
3899
3900
3901
3910
3913
3914
3915
3919
3922
3926
3928
3929
3930
3932
3933
3934
3935
3937
3941
3942
3943
3944
3945
3948
3949
3950
3952
3955
3957
3958
3961
3964
3965
3968
3976
3979
3982
3983
3992
3994
3996
3997
4000
4003
4005
4007
4008
4009
4011
4013
4018
4019
4020
4029
4031
4032
4033
4035
4036
4037
4038
4039
4049
4052
4053
4058
4060
4062
4067
4069
4073
4076
4081
4083
4084
4085
4092
4094
4096
4100
4101
4104
4105
4107
4108
4109
4110
4111
4114
4115
4116
4120
4121
4122
4123
4124
4126
4127
4133
4134
4136
4139
4142
4143
4145
4146
4147
4149
4152
4156
4157
4158
4162
4165
4168
4169
4171
4177
4178
4179
4180
4182
4183
4184
4187
4196
4198
4201
4205
4206
4207
4216
4217
4220
4221
4222
4223
4225
4228
4230
4231
4237
4241
4243
4250
4251
4252
4253
4258
4265
4266
4272
4274
4275
4276
4278
4279
4285
4286
4287
4290
4292
4294
4296
4299
4302
4304
4305
4307
4308
4311
4312
4315
4316
4319
4324
4326
4329
4332
4339
4344
4347
4356
4359
4361
4362
4363
4364
4366
4374
4375
4377
4378
4379
4382
4383
4388
4390
4391
4397
4399
4402
4403
4404
4406
4412
4414
4421
4423
4424
4425
4428
4429
4431
4433
4434
4435
4437
4439
4446
4447
4449
4452
4453
4461
4462
4467
4469
4470
4474
4475
4479
4484
4485
4486
4487
4491
4492
4493
4494
4497
4499
4500
4502
4504
4505
4507
4512
4516
4518
4520
4524
4525
4526
4528
4531
4532
4533
4534
4535
4541
4543
4544
4549
4550
4553
4555
4557
4560
4563
4565
4566
4570
4571
4572
4575
4576
4577
4579
4581
4582
4584
4593
4594
4598
4600
4602
4603
4606
4609
4611
4612
4616
4618
4621
4626
4635
4636
4637
4639
4642
4643
4644
4649
4655
4661
4662
4664
4665
4670
4673
4677
4679
4680
4681
4687
4689
4690
4693
4696
4699
4701
4704
4705
4711
4712
4713
4714
4716
4718
4727
4733
4735
4738
4741
4745
4746
4748
4752
4753
4754
4756
4758
4761
4762
4764
4765
4766
4767
4768
4769
4771
4774
4778
4783
4785
4787
4789
4790
4793
4795
4797
4800
4801
4803
4805
4806
4808
4811
4814
4817
4819
4821
4823
4824
4825
4826
4827
4828
4830
4833
4834
4836
4837
4839
4841
4842
4844
4846
4849
4850
4853
4858
4859
4861
4862
4863
4867
4870
4871
4875
4879
4881
4882
4885
4887
4888
4894
4897
4898
4899
4905
4910
4923
4927
4930
4932
4934
4935
4938
4939
4940
4942
4943
4945
4951
4955
4959
4960
4964
4970
4971
4973
4974
4975
4976
4980
4983
4984
4985
4986
4987
4989
4990
4991
4994
5008
5009
5010
5011
5012
5013
5015
5019
5025
5028
5030
5032
5035
5038
5040
5046
5049
5052
5055
5057
5058
5061
5064
5065
5067
5072
5073
5074
5077
5078
5079
5080
5083
5086
5088
5091
5093
5095
5106
5110
5112
5118
5119
5120
5122
5126
5133
5135
5138
5140
5142
5143
5146
5147
5149
5150
5155
5160
5161
5162
5164
5165
5168
5169
5171
5172
5174
5175
5178
5179
5182
5183
5184
5186
5187
5189
5190
5193
5194
5196
5197
5200
5202
5205
5208
5210
5211
5212
5214
5217
5218
5219
5221
5222
5223
5224
5227
5229
5233
5236
5243
5249
5251
5256
5258
5259
5260
5262
5264
5265
5266
5270
5271
5273
5274
5275
5279
5282
5285
5287
5290
5292
5294
5296
5297
5300
5301
5304
5305
5308
5314
5315
5317
5318
5320
5321
5324
5325
5328
5330
5332
5334
5335
5338
5342
5344
5345
5349
5352
5353
5354
5355
5360
5362
5364
5365
5367
5368
5371
5374
5377
5383
5386
5392
5394
5395
5397
5399
5400
5402
5403
5405
5406
5410
5417
5423
5429
5431
5437
5439
5441
5449
5452
5453
5458
5461
5465
5470
5471
5472
5479
5481
5484
5488
5494
5497
5499
5502
5503
5505
5511
5518
5519
5521
5523
5526
5528
5532
5537
5538
5543
5550
5551
5553
5554
5555
5559
5560
5561
5562
5565
5566
5568
5570
5571
5572
5573
5574
5575
5576
5577
5578
5582
5585
5586
5590
5591
5592
5599
5601
5602
5603
5605
5606
5610
5611
5613
5614
5617
5619
5620
5621
5623
5624
5627
5633
5634
5635
5636
5637
5641
5645
5646
5647
5648
5650
5652
5653
5655
5658
5660
5664
5665
5666
5669
5673
5674
5678
5681
5684
5687
5689
5692
5693
5696
5700
5701
5703
5704
5712
5715
5717
5719
5720
5723
5727
5729
5735
5738
5740
5742
5744
5746
5750
5752
5753
5754
5755
5756
5757
5761
5763
5766
5767
5769
5771
5772
5775
5777
5782
5785
5786
5787
5789
5793
5795
5799
5801
5802
5805
5809
5813
5815
5816
5817
5819
5820
5822
5824
5825
5832
5833
5835
5839
5840
5841
5842
5844
5845
5847
5850
5851
5852
5855
5856
5857
5858
5860
5862
5866
5867
5868
5869
5874
5878
5880
5881
5882
5884
5885
5887
5890
5895
5897
5898
5901
5902
5904
5906
5908
5912
5914
5916
5918
5920
5921
5923
5924
5925
5929
5932
5941
5943
5944
5946
5947
5949
5950
5951
5955
5958
5962
5964
5965
5966
5968
5971
5972
5973
5974
5975
5977
5980
5983
5984
5986
5994
5998
6000
6002
6004
6005
6010
6012
6017
6018
6019
6022
6024
6026
6027
6030
6035
6036
6037
6038
6039
6040
6043
6048
6050
6051
6053
6054
6056
6058
6059
6060
6062
6064
6067
6069
6070
6071
6073
6074
6075
6080
6084
6087
6093
6095
6098
6099
6101
6102
6108
6110
6112
6113
6121
6128
6129
6130
6133
6134
6137
6141
6142
6143
6144
6147
6149
6152
6153
6154
6158
6159
6161
6170
6172
6174
6175
6176
6177
6179
6182
6187
6189
6193
6196
6205
6208
6210
6212
6213
6215
6217
6219
6223
6225
6227
6234
6238
6242
6243
6244
6247
6250
6252
6258
6261
6264
6265
6266
6269
6270
6271
6278
6282
6284
6286
6287
6290
6292
6294
6303
6306
6307
6310
6315
6316
6319
6322
6327
6329
6334
6336
6337
6341
6342
6345
6347
6348
6359
6361
6363
6364
6365
6367
6368
6371
6374
6376
6377
6380
6382
6386
6387
6389
6393
6396
6399
6400
6403
6405
6410
6412
6413
6414
6421
6423
6426
6427
6428
6431
6433
6434
6435
6439
6440
6442
6448
6449
6450
6451
6453
6454
6458
6459
6460
6462
6466
6467
6468
6472
6480
6481
6485
6494
6495
6497
6498
6502
6504
6505
6508
6509
6510
6512
6513
6515
6516
6517
6521
6524
6527
6528
6529
6532
6536
6542
6547
6548
6550
6553
6554
6558
6559
6560
6562
6564
6565
6566
6567
6572
6573
6574
6575
6582
6583
6586
6589
6592
6598
6600
6601
6611
6613
6616
6618
6619
6624
6627
6628
6632
6634
6640
6643
6644
6646
6648
6650
6653
6654
6655
6658
6659
6660
6662
6663
6669
6672
6673
6675
6676
6677
6678
6686
6688
6689
6692
6693
6700
6702
6703
6709
6710
6711
6712
6713
6717
6720
6722
6726
6728
6732
6739
6742
6743
6745
6757
6761
6763
6764
6765
6769
6771
6775
6776
6783
6784
6785
6787
6791
6793
6797
6799
6801
6803
6805
6807
6808
6812
6814
6817
6820
6821
6824
6829
6834
6835
6837
6842
6845
6846
6848
6849
6854
6858
6859
6863
6865
6869
6871
6876
6877
6884
6885
6888
6890
6892
6893
6894
6901
6902
6908
6909
6911
6913
6914
6915
6916
6917
6919
6920
6921
6922
6927
6940
6942
6945
6949
6950
6952
6957
6959
6960
6962
6965
6966
6970
6971
6973
6975
6976
6980
6985
6987
6990
6991
6993
6994
7001
7002
7003
7004
7006
7008
7009
7011
7012
7014
7019
7021
7022
7027
7029
7030
7031
7032
7035
7039
7042
7044
7047
7049
7053
7055
7056
7057
7061
7064
7066
7069
7070
7071
7072
7083
7084
7086
7088
7089
7095
7100
7104
7110
7113
7115
7117
7121
7126
7128
7139
7140
7144
7146
7147
7149
7151
7152
7153
7155
7157
7159
7160
7162
7170
7173
7177
7179
7183
7184
7185
7190
7191
7194
7197
7198
7199
7200
7201
7203
7205
7211
7212
7219
7222
7223
7224
7227
7229
7232
7234
7238
7241
7242
7246
7247
7250
7251
7256
7266
7267
7270
7272
7273
7275
7276
7277
7280
7287
7289
7294
7297
7299
7303
7304
7307
7311
7312
7313
7315
7317
7319
7322
7323
7325
7326
7327
7331
7335
7342
7343
7349
7354
7355
7357
7358
7359
7360
7363
7364
7365
7367
7368
7369
7374
7375
7381
7384
7385
7387
7388
7393
7394
7397
7399
7403
7406
7407
7408
7409
7411
7412
7414
7415
7416
7419
7420
7421
7423
7425
7427
7430
7431
7434
7440
7444
7445
7451
7452
7454
7455
7459
7465
7468
7469
7471
7476
7478
7479
7488
7490
7492
7493
7505
7507
7509
7514
7516
7517
7519
7523
7528
7534
7535
7536
7538
7540
7541
7542
7545
7548
7551
7559
7560
7561
7564
7567
7570
7573
7574
7575
7577
7581
7582
7583
7586
7587
7589
7591
7598
7599
7600
7604
7605
7606
7608
7609
7612
7613
7618
7621
7622
7623
7625
7629
7632
7633
7636
7638
7641
7645
7647
7649
7652
7653
7654
7656
7660
7662
7665
7667
7668
7669
7676
7677
7679
7682
7684
7686
7689
7699
7705
7707
7708
7711
7714
7715
7719
7729
7730
7734
7736
7742
7745
7746
7747
7750
7751
7752
7758
7762
7764
7769
7770
7771
7772
7773
7781
7784
7785
7786
7789
7793
7796
7798
7799
7800
7801
7802
7805
7807
7811
7812
7815
7817
7819
7825
7834
7835
7840
7845
7846
7848
7852
7854
7856
7857
7858
7862
7865
7866
7867
7872
7878
7880
7881
7885
7888
7890
7894
7896
7897
7899
7906
7907
7909
7920
7922
7923
7924
7925
7934
7937
7939
7945
7946
7954
7956
7959
7964
7965
7967
7971
7973
7982
7985
7987
7989
7994
7996
7999
8000
8006
8008
8010
8012
8013
8015
8017
8019
8020
8021
8023
8025
8028
8029
8034
8035
8037
8041
8044
8046
8053
8057
8060
8062
8069
8071
8073
8075
8077
8078
8082
8084
8086
8088
8090
8093
8095
8096
8100
8102
8103
8107
8110
8111
8116
8120
8122
8129
8130
8132
8134
8136
8138
8139
8142
8145
8148
8149
8150
8151
8152
8154
8155
8159
8161
8169
8170
8173
8174
8175
8177
8178
8179
8183
8188
8192
8197
8198
8200
8201
8206
8207
8208
8211
8214
8217
8222
8223
8224
8236
8240
8242
8244
8248
8249
8250
8251
8254
8255
8258
8259
8263
8266
8267
8268
8271
8273
8274
8277
8279
8280
8288
8291
8293
8297
8299
8300
8303
8304
8305
8306
8307
8311
8312
8313
8315
8316
8318
8323
8324
8328
8329
8334
8337
8338
8340
8342
8343
8345
8347
8348
8351
8354
8357
8358
8359
8363
8364
8366
8367
8368
8369
8371
8374
8375
8378
8379
8380
8381
8382
8383
8385
8386
8388
8392
8395
8398
8402
8403
8405
8406
8408
8410
8411
8413
8416
8418
8421
8426
8429
8430
8433
8435
8438
8441
8442
8446
8448
8449
8451
8453
8454
8456
8457
8458
8463
8464
8465
8468
8471
8472
8474
8475
8476
8482
8485
8486
8487
8489
8490
8493
8495
8496
8499
8503
8504
8505
8506
8515
8517
8520
8521
8524
8525
8529
8531
8533
8534
8536
8538
8540
8542
8543
8545
8560
8562
8564
8565
8566
8568
8570
8572
8573
8574
8577
8578
8585
8591
8593
8594
8596
8598
8602
8604
8605
8606
8607
8608
8612
8613
8616
8617
8619
8621
8623
8624
8629
8630
8631
8632
8637
8640
8642
8647
8649
8650
8653
8655
8658
8661
8662
8670
8671
8673
8674
8676
8686
8689
8690
8692
8693
8696
8700
8703
8704
8707
8717
8718
8721
8722
8728
8729
8730
8732
8739
8741
8744
8746
8750
8753
8754
8755
8757
8758
8759
8762
8763
8765
8766
8767
8769
8770
8771
8776
8777
8779
8780
8783
8784
8785
8787
8788
8791
8795
8797
8798
8800
8801
8803
8805
8809
8810
8811
8813
8814
8817
8822
8823
8826
8828
8830
8832
8833
8835
8842
8845
8846
8853
8855
8856
8857
8858
8864
8867
8870
8872
8874
8875
8876
8877
8878
8879
8880
8884
8890
8895
8896
8898
8899
8900
8906
8909
8912
8915
8916
8919
8921
8923
8924
8926
8927
8930
8932
8934
8935
8948
8949
8950
8951
8952
8955
8960
8962
8966
8969
8972
8973
8974
8975
8976
8979
8980
8982
8983
8985
8986
8999
9000
9001
9002
9008
9014
9016
9018
9021
9025
9030
9035
9039
9042
9043
9044
9045
9046
9048
9051
9052
9054
9058
9060
9061
9062
9063
9064
9066
9067
9069
9071
9072
9076
9077
9078
9082
9083
9085
9088
9091
9092
9097
9101
9114
9120
9122
9125
9126
9127
9130
9133
9139
9140
9142
9147
9149
9150
9153
9159
9165
9167
9177
9182
9184
9185
9186
9188
9189
9193
9194
9196
9198
9199
9203
9205
9206
9208
9209
9218
9222
9223
9225
9226
9228
9237
9239
9241
9243
9247
9250
9251
9252
9254
9255
9257
9262
9263
9264
9265
9271
9272
9277
9281
9283
9289
9290
9291
9293
9298
9300
9306
9309
9311
9313
9314
9318
9322
9323
9324
9328
9330
9332
9333
9334
9335
9336
9338
9339
9340
9347
9348
9352
9354
9357
9358
9359
9363
9364
9365
9369
9371
9374
9383
9384
9391
9394
9397
9405
9406
9409
9412
9413
9414
9415
9421
9423
9424
9425
9427
9429
9432
9434
9435
9438
9439
9440
9442
9444
9447
9448
9449
9450
9451
9452
9453
9455
9456
9457
9460
9462
9464
9466
9469
9472
9473
9476
9479
9481
9483
9490
9493
9494
9495
9496
9498
9505
9506
9508
9511
9516
9517
9518
9519
9524
9525
9526
9529
9530
9533
9536
9539
9540
9544
9545
9546
9547
9548
9549
9552
9556
9558
9560
9564
9566
9571
9575
9576
9577
9579
9582
9584
9586
9587
9588
9592
9593
9597
9598
9610
9612
9613
9614
9618
9619
9621
9623
9624
9625
9628
9630
9631
9634
9637
9639
9641
9643
9646
9647
9650
9654
9655
9659
9662
9664
9667
9668
9669
9671
9672
9674
9676
9678
9679
9680
9681
9682
9683
9685
9686
9687
9689
9691
9695
9696
9704
9706
9707
9708
9710
9711
9712
9715
9717
9719
9721
9726
9727
9729
9731
9732
9735
9739
9740
9742
9744
9746
9751
9754
9755
9756
9757
9760
9761
9763
9766
9767
9768
9770
9772
9776
9779
9782
9786
9788
9793
9794
9797
9802
9807
9809
9815
9817
9819
9821
9824
9825
9827
9828
9830
9831
9832
9833
9835
9836
9838
9839
9841
9845
9846
9856
9861
9870
9872
9873
9875
9876
9879
9880
9883
9887
9888
9897
9899
9906
9907
9908
9909
9910
9911
9912
9916
9917
9918
9919
9922
9925
9927
9929
9935
9936
9938
9939
9942
9944
9945
9952
9953
9954
9958
9959
9960
9962
9964
9967
9968
9971
9972
9973
9974
9975
9976
9981
9982
9986
9987
9988
9989
9990
9996
9999
