2
16
20
27
31
35
50
53
57
61
70
75
81
88
92
95
102
106
107
108
110
117
118
121
126
132
135
139
145
156
164
166
167
168
175
182
186
194
196
197
202
205
215
219
222
228
231
235
236
238
239
249
251
257
260
269
272
273
274
277
280
283
285
286
292
293
296
297
301
308
327
328
331
336
340
342
353
359
363
381
391
404
405
406
413
414
419
422
424
430
432
446
447
449
452
457
474
483
485
503
504
511
519
520
522
535
538
540
542
547
549
550
551
553
555
559
567
582
584
592
599
603
604
609
610
628
634
648
654
659
660
666
667
679
681
682
690
691
692
693
694
697
700
704
707
729
733
734
740
747
750
755
756
768
771
773
776
782
786
795
797
803
804
805
807
818
826
829
838
840
844
850
858
860
864
868
876
878
879
881
894
904
907
919
924
925
931
940
957
961
965
971
972
975
981
991
992
1004
1005
1007
1008
1012
1013
1014
1015
1017
1018
1028
1038
1040
1049
1051
1058
1068
1080
1085
1092
1098
1105
1110
1115
1116
1120
1123
1124
1153
1155
1162
1165
1175
1183
1186
1191
1194
1198
1199
1200
1203
1208
1223
1228
1231
1237
1238
1239
1240
1246
1256
1257
1259
1261
1264
1266
1268
1270
1272
1275
1292
1293
1294
1297
1303
1305
1345
1347
1351
1354
1356
1358
1364
1365
1370
1373
1381
1383
1385
1395
1399
1401
1413
1420
1422
1428
1429
1437
1440
1448
1460
1461
1462
1474
1475
1483
1486
1488
1491
1497
1503
1508
1523
1526
1528
1531
1534
1540
1541
1545
1552
1554
1564
1568
1569
1571
1574
1575
1578
1579
1596
1598
1601
1609
1613
1614
1615
1617
1622
1625
1631
1632
1633
1636
1638
1644
1651
1658
1667
1679
1682
1683
1691
1693
1695
1702
1704
1706
1708
1719
1729
1736
1737
1741
1744
1748
1749
1764
1775
1783
1785
1793
1798
1803
1814
1815
1823
1825
1827
1835
1837
1842
1843
1845
1849
1853
1854
1859
1862
1863
1865
1866
1873
1876
1883
1886
1895
1898
1899
1906
1917
1918
1920
1928
1933
1942
1943
1945
1953
1956
1961
1964
1968
1969
1970
1972
1980
1987
1999
2005
2006
2012
2020
2029
2032
2033
2037
2040
2041
2043
2046
2051
2056
2061
2063
2082
2085
2092
2096
2103
2105
2106
2108
2122
2126
2133
2138
2140
2141
2153
2155
2156
2162
2173
2178
2179
2181
2183
2184
2188
2191
2193
2198
2200
2204
2214
2219
2232
2239
2240
2243
2245
2251
2254
2268
2271
2279
2287
2288
2295
2297
2298
2299
2300
2303
2305
2309
2316
2317
2319
2322
2326
2331
2346
2347
2361
2370
2377
2380
2382
2383
2394
2404
2405
2409
2413
2414
2427
2429
2434
2444
2451
2453
2461
2466
2470
2472
2474
2477
2478
2480
2486
2488
2499
2508
2513
2516
2524
2535
2539
2541
2542
2557
2582
2586
2604
2606
2609
2617
2619
2621
2630
2632
2635
2644
2650
2661
2665
2668
2669
2672
2674
2678
2685
2688
2696
2700
2705
2709
2713
2729
2730
2731
2737
2739
2742
2748
2753
2757
2771
2776
2787
2792
2793
2796
2797
2798
2799
2815
2817
2819
2821
2829
2841
2842
2843
2848
2859
2869
2875
2876
2898
2902
2909
2911
2914
2919
2924
2925
2926
2929
2931
2933
2937
2938
2941
2946
2947
2949
2954
2957
2958
2960
2968
2973
2978
2979
2988
2989
2994
2995
3005
3008
3013
3020
3023
3024
3026
3029
3031
3033
3041
3043
3044
3048
3049
3056
3057
3062
3066
3067
3072
3081
3082
3083
3089
3094
3095
3103
3105
3112
3113
3121
3126
3127
3133
3137
3138
3146
3153
3154
3158
3161
3162
3163
3168
3175
3190
3195
3198
3203
3206
3213
3220
3230
3237
3252
3255
3262
3266
3275
3282
3297
3310
3313
3317
3318
3322
3325
3330
3337
3343
3348
3351
3355
3363
3366
3368
3370
3371
3375
3379
3384
3390
3400
3402
3411
3412
3420
3421
3437
3448
3452
3465
3466
3469
3473
3479
3492
3494
3496
3503
3504
3517
3521
3522
3525
3532
3538
3548
3554
3556
3562
3564
3565
3566
3571
3575
3578
3589
3590
3591
3602
3608
3611
3614
3617
3619
3623
3624
3628
3639
3644
3648
3650
3664
3669
3670
3673
3677
3690
3703
3705
3712
3716
3717
3719
3721
3724
3725
3728
3737
3738
3744
3757
3761
3775
3782
3788
3789
3797
3800
3802
3803
3805
3820
3825
3826
3827
3840
3853
3854
3855
3857
3870
3876
3879
3880
3891
3902
3910
3911
3916
3922
3939
3941
3942
3949
3950
3954
3957
3961
3963
3966
3967
3971
3972
3974
3975
3979
3980
3982
3985
3990
3995
4006
4007
4016
4021
4034
4038
4045
4046
4052
4053
4068
4071
4074
4088
4093
4095
4098
4100
4109
4110
4115
4116
4128
4131
4136
4151
4152
4157
4163
4166
4169
4170
4176
4177
4190
4197
4201
4203
4205
4214
4215
4225
4228
4234
4237
4242
4251
4259
4264
4271
4276
4281
4287
4288
4290
4297
4308
4316
4321
4322
4325
4326
4328
4330
4331
4334
4337
4338
4353
4360
4368
4371
4375
4376
4378
4385
4387
4388
4392
4396
4416
4417
4427
4428
4436
4437
4466
4467
4470
4476
4488
4501
4503
4505
4516
4520
4522
4524
4526
4534
4540
4542
4573
4587
4591
4593
4596
4603
4612
4641
4643
4648
4656
4657
4663
4669
4675
4682
4687
4689
4701
4704
4705
4708
4710
4711
4712
4719
4721
4727
4728
4733
4741
4748
4749
4750
4755
4756
4758
4770
4772
4776
4784
4785
4786
4794
4798
4802
4809
4812
4820
4822
4826
4840
4844
4846
4854
4855
4860
4866
4869
4870
4872
4885
4887
4889
4890
4892
4897
4902
4906
4909
4910
4918
4921
4924
4940
4941
4944
4950
4953
4956
4974
4975
4978
4982
4991
4997
4998
5008
5011
5028
5033
5036
5047
5048
5050
5051
5063
5065
5067
5069
5071
5072
5074
5082
5084
5112
5118
5124
5132
5135
5145
5149
5151
5159
5161
5162
5164
5169
5183
5186
5190
5193
5195
5201
5202
5208
5219
5225
5227
5232
5234
5236
5237
5238
5255
5259
5262
5265
5267
5272
5275
5290
5293
5297
5299
5303
5306
5314
5316
5318
5340
5341
5344
5347
5353
5358
5363
5364
5368
5371
5384
5387
5392
5399
5407
5409
5414
5422
5434
5435
5444
5449
5454
5457
5459
5463
5468
5473
5474
5475
5479
5489
5490
5501
5503
5506
5511
5514
5515
5519
5528
5533
5534
5541
5545
5554
5572
5582
5585
5594
5596
5607
5609
5613
5615
5617
5620
5623
5624
5627
5631
5638
5648
5652
5654
5658
5661
5663
5687
5690
5698
5707
5709
5710
5722
5728
5730
5731
5738
5740
5741
5747
5751
5754
5761
5762
5769
5770
5781
5789
5797
5806
5812
5819
5831
5839
5847
5848
5850
5851
5853
5854
5856
5858
5861
5863
5865
5867
5868
5870
5872
5880
5891
5899
5900
5901
5905
5909
5910
5914
5922
5932
5939
5945
5947
5948
5952
5958
5959
5961
5965
5967
5968
5969
5973
5974
5975
5976
5977
5981
5986
5988
6001
6003
6005
6019
6020
6030
6034
6036
6037
6038
6043
6051
6052
6053
6057
6059
6062
6067
6069
6070
6074
6083
6087
6088
6091
6096
6104
6108
6109
6122
6132
6135
6138
6145
6147
6150
6159
6165
6166
6168
6169
6172
6181
6188
6198
6199
6202
6204
6207
6212
6213
6215
6220
6224
6228
6235
6245
6251
6262
6263
6265
6281
6282
6290
6293
6295
6305
6310
6314
6325
6339
6352
6353
6357
6360
6363
6370
6389
6392
6400
6415
6422
6432
6436
6443
6453
6461
6465
6467
6472
6475
6480
6486
6487
6490
6491
6497
6512
6514
6521
6523
6525
6526
6536
6538
6539
6541
6546
6550
6560
6563
6568
6573
6577
6579
6589
6592
6594
6598
6600
6604
6606
6614
6615
6620
6628
6637
6642
6645
6647
6655
6658
6667
6669
6680
6681
6686
6689
6691
6699
6704
6714
6715
6721
6724
6739
6740
6742
6747
6751
6752
6753
6761
6765
6768
6774
6778
6782
6800
6811
6813
6822
6823
6832
6833
6838
6847
6875
6877
6878
6885
6891
6892
6901
6904
6906
6909
6933
6943
6944
6947
6949
6978
6980
6981
6984
7002
7011
7020
7040
7043
7052
7054
7058
7071
7072
7075
7085
7090
7092
7098
7107
7114
7120
7121
7122
7127
7128
7132
7134
7136
7139
7142
7144
7145
7146
7148
7151
7152
7159
7160
7167
7173
7182
7183
7184
7185
7189
7191
7194
7199
7204
7209
7212
7223
7226
7228
7234
7238
7241
7242
7245
7249
7251
7252
7260
7264
7288
7291
7294
7295
7296
7305
7308
7311
7314
7315
7316
7318
7320
7322
7323
7324
7327
7332
7333
7335
7338
7343
7344
7347
7348
7350
7351
7377
7386
7387
7393
7399
7409
7413
7415
7421
7422
7424
7426
7427
7428
7441
7448
7454
7455
7467
7472
7477
7480
7481
7482
7493
7505
7517
7520
7524
7528
7532
7544
7545
7548
7554
7562
7567
7569
7575
7580
7581
7585
7588
7591
7598
7605
7609
7611
7615
7620
7625
7627
7628
7635
7641
7644
7646
7659
7662
7667
7668
7674
7680
7696
7706
7709
7710
7719
7727
7731
7732
7747
7760
7763
7764
7765
7769
7774
7778
7780
7782
7789
7794
7806
7807
7809
7810
7811
7816
7821
7826
7828
7829
7832
7834
7840
7845
7846
7847
7868
7869
7873
7874
7875
7877
7878
7880
7886
7892
7896
7904
7922
7924
7928
7933
7944
7951
7953
7968
7970
7973
7977
7980
7985
7987
7988
7989
7996
7999
8009
8027
8031
8032
8036
8049
8051
8058
8063
8065
8066
8067
8076
8079
8081
8083
8087
8099
8106
8108
8109
8114
8120
8128
8137
8139
8163
8167
8174
8180
8190
8192
8208
8210
8212
8218
8221
8224
8226
8230
8237
8240
8242
8258
8261
8262
8264
8269
8270
8271
8274
8281
8282
8288
8297
8298
8303
8309
8334
8348
8352
8355
8363
8372
8374
8375
8377
8383
8385
8387
8394
8399
8411
8415
8419
8422
8432
8437
8447
8459
8460
8463
8465
8469
8482
8485
8486
8490
8503
8511
8512
8515
8523
8528
8531
8534
8537
8538
8540
8541
8545
8557
8565
8567
8570
8573
8576
8577
8586
8591
8594
8595
8596
8598
8609
8619
8621
8625
8632
8640
8643
8646
8651
8657
8658
8662
8666
8678
8684
8691
8705
8711
8714
8723
8728
8734
8741
8748
8755
8762
8767
8768
8769
8772
8781
8782
8793
8796
8800
8809
8811
8812
8813
8814
8816
8818
8819
8830
8833
8835
8836
8841
8843
8846
8857
8863
8866
8872
8878
8889
8891
8902
8906
8908
8909
8913
8916
8917
8923
8926
8933
8945
8949
8950
8956
8957
8969
8981
8988
8989
8996
8997
9000
9002
9022
9033
9034
9035
9038
9040
9047
9048
9050
9054
9056
9057
9061
9062
9069
9081
9082
9086
9092
9093
9096
9097
9099
9104
9111
9119
9122
9124
9125
9131
9139
9141
9144
9150
9162
9163
9190
9191
9193
9194
9198
9200
9202
9218
9222
9225
9229
9230
9247
9251
9253
9255
9260
9263
9264
9268
9269
9274
9275
9280
9283
9294
9299
9302
9304
9306
9314
9323
9327
9332
9338
9339
9342
9350
9351
9354
9360
9361
9367
9375
9377
9379
9395
9396
9402
9421
9422
9426
9433
9443
9444
9449
9452
9454
9472
9477
9485
9486
9487
9495
9496
9501
9508
9510
9542
9546
9552
9556
9560
9571
9580
9582
9584
9586
9618
9620
9626
9638
9641
9642
9643
9645
9647
9649
9662
9663
9665
9666
9668
9669
9674
9683
9686
9691
9692
9693
9696
9708
9719
9720
9722
9741
9743
9747
9755
9766
9776
9778
9780
9785
9786
9788
9792
9799
9800
9802
9807
9815
9816
9820
9822
9831
9844
9849
9853
9867
9878
9883
9887
9897
9901
9907
9908
9910
9917
9919
9922
9925
9928
9933
9938
9942
9945
9948
9949
9952
9953
9965
9966
9968
9970
9972
9973
9983
9994
9995
9996
