7
28
47
60
92
95
177
200
221
230
239
263
279
331
341
348
397
407
442
481
519
520
523
543
572
614
623
634
652
655
658
676
680
697
717
722
751
758
766
778
791
807
808
814
820
847
852
877
944
962
992
1008
1013
1038
1047
1049
1050
1091
1115
1119
1174
1184
1205
1229
1231
1233
1274
1300
1353
1354
1371
1385
1390
1413
1415
1466
1542
1549
1584
1588
1594
1636
1665
1736
1738
1742
1769
1786
1792
1808
1811
1825
1871
1896
1906
1910
1939
1986
2030
2034
2043
2072
2117
2128
2136
2179
2184
2195
2217
2224
2235
2263
2305
2327
2355
2369
2375
2387
2392
2403
2433
2455
2490
2496
2514
2536
2604
2629
2656
2657
2665
2697
2703
2710
2717
2739
2757
2771
2774
2775
2795
2824
2852
2876
2888
2891
2900
2906
2916
2945
2961
2967
2977
2992
3029
3049
3060
3064
3107
3118
3165
3175
3177
3210
3239
3292
3320
3327
3371
3392
3410
3412
3414
3432
3434
3449
3456
3494
3502
3516
3524
3543
3548
3550
3596
3597
3617
3620
3621
3680
3701
3736
3765
3771
3791
3814
3816
3875
3893
3923
3945
4012
4029
4031
4033
4036
4041
4060
4093
4129
4177
4205
4207
4222
4223
4224
4236
4242
4258
4298
4320
4329
4353
4369
4387
4398
4403
4425
4487
4489
4498
4552
4567
4568
4572
4596
4598
4619
4620
4636
4651
4695
4704
4730
4753
4767
4775
4787
4807
4808
4814
4821
4834
4854
4873
4882
4889
4928
4957
4974
4994
5005
5019
5085
5131
5169
5173
5176
5206
5220
5237
5240
5243
5298
5330
5334
5380
5385
5407
5457
5489
5535
5549
5561
5576
5589
5622
5626
5640
5648
5650
5700
5701
5743
5769
5818
5875
5912
5914
5932
5944
5956
5967
5968
6017
6024
6040
6058
6066
6099
6104
6114
6125
6158
6180
6181
6182
6198
6207
6208
6214
6221
6227
6241
6266
6299
6325
6328
6333
6394
6400
6413
6419
6422
6443
6478
6484
6498
6531
6556
6597
6607
6625
6641
6658
6679
6699
6741
6746
6763
6805
6815
6836
6847
6852
6870
6883
6894
6947
7002
7003
7020
7030
7032
7068
7113
7127
7149
7168
7183
7191
7210
7216
7221
7225
7276
7280
7281
7309
7310
7311
7312
7351
7358
7408
7410
7416
7461
7478
7503
7505
7508
7531
7549
7585
7615
7646
7655
7662
7665
7676
7681
7700
7711
7713
7719
7745
7751
7772
7811
7816
7824
7855
7886
7891
7893
7948
8001
8022
8048
8049
8071
8087
8091
8107
8134
8152
8164
8188
8189
8209
8216
8224
8288
8301
8338
8350
8364
8380
8391
8416
8438
8442
8443
8457
8465
8509
8530
8540
8541
8543
8545
8560
8583
8592
8623
8636
8670
8677
8739
8747
8748
8787
8790
8807
8837
8857
8867
8870
8873
8885
8897
8918
8959
8978
8983
9009
9019
9031
9049
9087
9124
9127
9137
9143
9154
9168
9209
9255
9272
9279
9302
9304
9306
9320
9326
9329
9335
9339
9355
9377
9394
9413
9428
9460
9468
9490
9495
9503
9547
9577
9593
9604
9643
9677
9746
9759
9766
9767
9783
9789
9794
9795
9815
9880
9915
9924
9941
9973
9974
10013
10024
10074
10079
10104
10105
10124
10126
10129
10133
10142
10162
10166
10168
10173
10199
10219
10230
10236
10243
10249
10295
10313
10336
10369
10396
10414
10445
10446
10464
10489
10504
10538
10545
10568
10570
10575
10598
10604
10605
10611
10621
10646
10675
10677
10680
10686
10714
10758
10775
10809
10836
10861
10868
10883
10897
10936
10947
10952
10988
11037
11085
11099
11103
11116
11212
11218
11229
11234
11235
11255
11273
11277
11285
11309
11313
11342
11344
11363
11371
11383
11411
11414
11456
11477
11512
11516
11579
11590
11591
11628
11662
11687
11707
11754
11760
11777
11835
11905
11955
11974
11988
11990
12011
12013
12032
12052
12061
12098
12106
12113
12116
12124
12125
12128
12132
12142
12156
12206
12217
12239
12245
12286
12336
12337
12366
12379
12391
12399
12418
12463
12533
12539
12584
12590
12593
12598
12615
12616
12617
12623
12628
12637
12643
12655
12670
12690
12702
12704
12740
12748
12765
12802
12805
12835
12858
12876
12955
12988
12992
12993
13046
13053
13057
13107
13112
13132
13138
13204
13216
13218
13227
13242
13281
13313
13337
13348
13349
13365
13369
13378
13448
13450
13472
13554
13607
13616
13635
13649
13687
13688
13706
13747
13762
13776
13783
13797
13806
13820
13839
13848
13886
13893
13900
13920
13935
13941
13944
13971
14027
14030
14038
14055
14076
14094
14116
14136
14156
14157
14169
14176
14194
14258
14271
14274
14334
14402
14409
14410
14413
14421
14455
14466
14476
14488
14503
14517
14537
14549
14575
14593
14633
14634
14642
14647
14652
14675
14699
14716
14723
14737
14780
14791
14810
14822
14840
14885
14911
14916
14980
15000
15024
15047
15082
15086
15093
15123
15152
15165
15169
15180
15213
15231
15237
15246
15265
15276
15278
15301
15314
15317
15365
15373
15467
15490
15549
15574
15578
15628
15653
15697
15704
15720
15723
15747
15754
15765
15805
15843
15845
15866
15867
15874
15901
15915
15921
15932
15952
15966
15974
15981
16013
16033
16034
16039
16061
16076
16093
16097
16106
16125
16135
16138
16143
16147
16156
16168
16175
16205
16280
16289
16315
16318
16362
16377
16379
16401
16404
16409
16471
16477
16483
16510
16542
16551
16552
16606
16607
16620
16632
16646
16647
16659
16679
16692
16693
16715
16738
16744
16769
16798
16805
16811
16821
16823
16843
16853
16866
16895
16897
16910
16925
16975
16978
16981
16988
16992
17042
17046
17047
17063
17069
17076
17085
17099
17140
17155
17170
17176
17201
17202
17207
17216
17223
17286
17309
17396
17399
17421
17497
17507
17522
17524
17538
17557
17604
17639
17672
17700
17735
17742
17760
17813
17816
17855
17862
17902
17908
17936
17945
17988
17998
18010
18021
18023
18027
18044
18098
18117
18124
18147
18179
18184
18202
18268
18303
18311
18317
18318
18346
18363
18372
18395
18461
18514
18522
18547
18557
18605
18626
18641
18650
18700
18711
18735
18743
18822
18838
18864
18865
18909
18924
18939
18960
18971
19015
19033
19059
19072
19073
19127
19133
19154
19194
19196
19201
19226
19243
19249
19331
19359
19364
19370
19401
19407
19411
19434
19467
19497
19521
19523
19529
19543
19569
19573
19591
19593
19603
19628
19727
19728
19789
19801
19806
19820
19829
19862
19867
19898
19913
19917
19918
19936
19956
19957
19968
20029
20071
20080
20084
20094
20108
20124
20156
20182
20196
20201
20208
20213
20214
20280
20296
20305
20312
20330
20334
20343
20357
20399
20452
20519
20581
20593
20613
20617
20655
20677
20723
20760
20778
20786
20829
20832
20833
20905
20917
20925
20944
20957
21045
21087
21094
21116
21136
21177
21208
21252
21260
21295
21310
21316
21352
21426
21442
21453
21466
21471
21491
21496
21504
21507
21520
21543
21576
21580
21584
21606
21612
21626
21629
21637
21645
21674
21678
21679
21717
21727
21740
21748
21760
21762
21840
21877
21898
21920
21988
21995
22019
22028
22042
22050
22054
22065
22078
22136
22177
22212
22288
22298
22310
22338
22391
22396
22407
22447
22452
22456
22479
22482
22483
22490
22532
22549
22554
22565
22570
22598
22631
22645
22653
22673
22712
22723
22762
22795
22828
22845
22902
22903
22940
22942
22968
22999
23055
23085
23120
23122
23130
23227
23233
23243
23265
23343
23348
23371
23425
23428
23451
23455
23495
23542
23556
23568
23580
23617
23659
23690
23693
23704
23712
23749
23792
23794
23815
23825
23869
23870
23881
23915
23939
23949
23992
24001
24026
24054
24072
24095
24137
24140
24145
24148
24153
24180
24191
24214
24218
24221
24238
24282
24318
24323
24327
24390
24401
24433
24441
24474
24495
24514
24515
24573
24576
24643
24663
24665
24696
24740
24742
24828
24867
24878
24891
24933
24934
24945
24949
24980
24992
25013
25015
25034
25074
25079
25086
25091
25100
25117
25124
25128
25135
25148
25164
25226
25237
25242
25248
25264
25277
25310
25325
25332
25343
25348
25378
25382
25383
25412
25436
25451
25475
25489
25522
25585
25600
25627
25673
25731
25741
25801
25879
25882
25886
25914
25917
25957
26128
26162
26170
26186
26230
26233
26237
26280
26295
26374
26384
26406
26417
26425
26436
26440
26459
26482
26488
26491
26496
26498
26515
26519
26530
26546
26556
26558
26566
26605
26658
26685
26689
26695
26707
26724
26765
26769
26783
26791
26797
26798
26804
26834
26835
26851
26854
26876
26938
26956
26972
26976
27033
27035
27054
27059
27075
27102
27172
27190
27195
27214
27259
27275
27298
27367
27375
27406
27447
27469
27470
27479
27505
27507
27515
27579
27585
27590
27597
27625
27642
27665
27681
27713
27718
27747
27758
27769
27774
27802
27813
27825
27893
27928
27957
28007
28018
28041
28050
28051
28090
28094
28114
28117
28118
28137
28149
28153
28168
28178
28198
28199
28238
28249
28290
28327
28341
28365
28380
28429
28436
28441
28470
28471
28476
28485
28533
28535
28539
28552
28563
28566
28610
28628
28637
28638
28641
28699
28707
28721
28771
28784
28785
28816
28839
28847
28896
28950
29036
29055
29060
29066
29147
29203
29210
29222
29250
29256
29288
29334
29385
29430
29438
29476
29492
29496
29548
29554
29556
29624
29630
29631
29652
29660
29674
29681
29724
29725
29780
29782
29819
29825
29826
29870
29891
29913
29914
29993
30028
30031
30044
30073
30114
30132
30151
30158
30179
30336
30355
30419
30428
30433
30435
30452
30482
30483
30523
30531
30547
30551
30562
30565
30567
30584
30590
30636
30716
30733
30773
30779
30780
30790
30821
30829
30841
30860
30924
30936
30937
31017
31022
31040
31064
31077
31095
31098
31138
31167
31180
31216
31265
31269
31300
31314
31324
31334
31336
31348
31373
31389
31400
31401
31449
31461
31470
31501
31517
31519
31534
31549
31555
31573
31590
31635
31658
31687
31694
31704
31733
31759
31764
31822
31861
31865
31924
31957
31960
31998
32004
32008
32030
32096
32098
32149
32180
32202
32203
32227
32233
32265
32271
32272
32317
32322
32328
32335
32371
32400
32415
32422
32424
32441
32449
32462
32488
32496
32505
32524
32551
32568
32574
32594
32621
32630
32635
32646
32651
32659
32682
32694
32748
32758
32767
32783
32794
32915
32971
32975
32976
32981
32990
32994
32996
33008
33071
33102
33123
33132
33158
33159
33192
33210
33244
33275
33306
33313
33321
33358
33364
33367
33377
33378
33381
33398
33415
33493
33494
33537
33568
33573
33595
33612
33661
33700
33716
33724
33728
33738
33772
33789
33819
33831
33838
33852
33871
33881
33882
33918
33943
33951
33996
34035
34070
34145
34186
34217
34221
34263
34276
34281
34333
34358
34369
34458
34466
34467
34483
34492
34493
34505
34536
34579
34599
34667
34683
34685
34768
34774
34782
34790
34809
34823
34839
34862
34881
34882
34912
34914
34922
34943
34972
34989
35001
35020
35027
35054
35107
35124
35136
35157
35201
35206
35228
35268
35314
35337
35382
35390
35396
35406
35408
35420
35516
35543
35551
35555
35588
35614
35623
35661
35683
35684
35711
35747
35754
35778
35802
35820
35821
35847
35888
35907
35931
35971
35981
36025
36027
36064
36110
36113
36115
36122
36129
36136
36140
36188
36191
36193
36198
36283
36285
36298
36320
36381
36414
36429
36439
36442
36466
36472
36497
36498
36516
36542
36551
36572
36597
36604
36618
36634
36664
36667
36670
36672
36681
36682
36697
36722
36730
36732
36740
36773
36791
36795
36816
36829
36840
36861
36862
36895
36908
36918
36934
36984
36997
36998
37009
37029
37099
37159
37237
37245
37252
37261
37267
37273
37287
37299
37308
37319
37324
37350
37383
37428
37449
37468
37470
37491
37510
37582
37613
37624
37630
37642
37646
37685
37707
37712
37738
37795
37808
37836
37856
37857
37875
37878
37900
37901
37912
37924
37929
37933
37962
37985
38025
38036
38062
38068
38104
38109
38133
38134
38144
38156
38165
38181
38232
38255
38313
38320
38334
38371
38375
38380
38422
38446
38470
38490
38497
38499
38517
38521
38523
38598
38614
38620
38621
38633
38644
38708
38748
38762
38803
38812
38838
38852
38899
38938
38965
38969
38986
39015
39040
39046
39132
39158
39191
39237
39252
39254
39300
39312
39319
39370
39391
39397
39422
39427
39565
39567
39570
39590
39605
39627
39646
39677
39694
39713
39762
39773
39783
39789
39797
39826
39852
39918
39923
39925
39931
39950
39952
39964
39971
39991
39999
40029
40034
40057
40076
40117
40140
40164
40166
40168
40169
40200
40204
40216
40233
40245
40278
40365
40368
40369
40403
40406
40434
40467
40521
40530
40543
40574
40577
40604
40731
40735
40750
40769
40822
40824
40838
40846
40862
40866
40903
40912
40930
40959
40968
40995
41028
41102
41113
41186
41192
41196
41219
41230
41237
41245
41255
41260
41274
41303
41308
41319
41344
41358
41366
41395
41400
41408
41417
41427
41454
41459
41482
41552
41562
41607
41621
41651
41661
41672
41745
41781
41801
41809
41829
41838
41902
41921
41945
41957
41967
41990
41993
42070
42072
42095
42099
42124
42137
42138
42141
42143
42151
42163
42185
42208
42218
42219
42221
42292
42300
42319
42328
42350
42379
42386
42498
42512
42513
42534
42569
42585
42655
42668
42676
42683
42702
42728
42737
42753
42819
42828
42840
42844
42845
42850
42853
42857
42930
42961
42970
43030
43090
43100
43103
43106
43127
43134
43153
43189
43233
43253
43261
43273
43294
43308
43320
43342
43366
43416
43420
43458
43523
43534
43543
43562
43572
43573
43582
43594
43637
43704
43722
43725
43729
43738
43740
43744
43755
43758
43767
43784
43786
43797
43832
43850
43853
43860
43869
43927
43941
43947
43960
43965
43997
44006
44018
44036
44041
44046
44050
44093
44105
44250
44262
44271
44276
44327
44333
44344
44347
44351
44354
44398
44407
44501
44527
44559
44625
44630
44637
44680
44729
44732
44755
44766
44796
44801
44815
44856
44909
44918
44926
44931
44936
44993
45023
45040
45134
45140
45144
45157
45174
45197
45258
45271
45280
45304
45317
45332
45337
45345
45363
45388
45390
45402
45416
45425
45449
45478
45485
45488
45496
45551
45572
45611
45669
45670
45671
45729
45730
45770
45781
45795
45799
45821
45844
45887
45888
45905
45962
45984
46002
46003
46008
46013
46061
46063
46071
46085
46110
46135
46160
46174
46188
46193
46194
46263
46315
46335
46341
46371
46375
46401
46404
46416
46426
46447
46489
46493
46521
46545
46555
46586
46625
46636
46697
46756
46775
46778
46783
46786
46842
46845
46869
46874
46876
46937
46945
46978
46981
46987
46998
47013
47054
47118
47147
47150
47152
47221
47234
47242
47258
47260
47263
47266
47282
47307
47322
47336
47367
47373
47394
47405
47416
47455
47475
47487
47504
47537
47576
47584
47597
47603
47605
47611
47620
47639
47645
47659
47687
47752
47769
47794
47847
47863
47865
47874
47879
47907
47908
47918
47922
47983
47994
48055
48127
48135
48153
48156
48170
48236
48244
48249
48292
48312
48317
48318
48359
48442
48481
48504
48508
48511
48520
48537
48544
48545
48554
48600
48603
48670
48719
48720
48733
48740
48750
48771
48781
48811
48813
48868
48934
48997
49000
49002
49012
49027
49041
49052
49085
49106
49121
49133
49142
49152
49162
49167
49178
49199
49214
49224
49231
49253
49259
49261
49264
49274
49283
49321
49330
49355
49361
49363
49371
49377
49397
49451
49462
49490
49503
49507
49537
49545
49563
49581
49590
49603
49610
49622
49658
49681
49699
49798
49808
49836
49848
49857
49860
49893
49915
49930
49940
49958
50056
50110
50113
50124
50136
50164
50228
50261
50288
50301
50303
50349
50373
50382
50387
50400
50407
50424
50437
50453
50454
50456
50458
50477
50481
50500
50512
50515
50562
50583
50642
50667
50679
50718
50748
50769
50791
50819
50849
50870
50878
50880
50883
50911
50927
50957
50984
50991
51027
51041
51048
51058
51070
51073
51075
51080
51100
51110
51122
51129
51132
51136
51137
51141
51159
51168
51171
51188
51213
51214
51242
51254
51280
51288
51320
51341
51363
51367
51397
51496
51523
51537
51539
51557
51599
51602
51640
51642
51683
51698
51709
51734
51741
51745
51775
51777
51806
51818
51824
51841
51858
51862
51874
51888
51892
51905
51930
51943
51960
51964
51977
51981
51994
52020
52026
52041
52053
52058
52065
52083
52092
52129
52157
52164
52165
52172
52194
52235
52263
52268
52269
52272
52281
52282
52310
52393
52397
52432
52435
52447
52551
52564
52577
52601
52602
52603
52628
52656
52718
52726
52727
52732
52740
52753
52781
52789
52801
52806
52876
52880
52902
52907
52927
52959
52961
52968
52973
52983
52992
53025
53061
53070
53073
53089
53095
53104
53108
53110
53127
53137
53147
53176
53206
53223
53225
53233
53265
53275
53276
53282
53305
53307
53314
53427
53429
53441
53479
53497
53506
53516
53556
53561
53571
53573
53594
53597
53618
53644
53669
53695
53707
53720
53745
53773
53775
53776
53810
53814
53837
53853
53857
53939
53942
53957
53993
54007
54058
54112
54132
54153
54188
54233
54240
54261
54270
54273
54290
54295
54299
54305
54316
54337
54344
54372
54398
54410
54414
54426
54459
54467
54468
54514
54522
54526
54542
54567
54573
54597
54620
54653
54668
54672
54682
54700
54718
54757
54795
54798
54814
54851
54857
54890
54913
54926
54948
54956
54973
54983
54994
55006
55033
55040
55055
55064
55071
55079
55152
55168
55173
55181
55279
55285
55297
55315
55352
55374
55414
55418
55433
55464
55487
55520
55531
55553
55595
55626
55657
55674
55688
55693
55709
55729
55748
55759
55784
55786
55796
55835
55890
55911
55931
55937
55949
55950
55957
55959
55986
56059
56084
56117
56136
56144
56147
56158
56184
56185
56199
56214
56220
56232
56260
56296
56386
56480
56493
56532
56538
56575
56578
56613
56627
56647
56648
56658
56675
56683
56689
56722
56727
56731
56735
56745
56873
56898
56915
56929
56938
56943
56950
56969
56993
57019
57065
57126
57155
57158
57169
57173
57177
57212
57228
57253
57256
57273
57280
57303
57325
57328
57338
57357
57373
57376
57388
57414
57422
57423
57430
57443
57496
57521
57588
57590
57598
57669
57688
57690
57691
57698
57740
57750
57781
57806
57851
57866
57879
57895
57934
57942
58027
58053
58060
58107
58113
58128
58131
58192
58203
58204
58252
58253
58298
58322
58343
58353
58364
58371
58390
58414
58424
58450
58462
58471
58480
58503
58523
58528
58563
58571
58625
58629
58631
58642
58673
58678
58694
58696
58726
58727
58735
58772
58797
58842
58858
58882
58883
58916
58931
58940
58964
58986
59007
59016
59090
59165
59174
59225
59244
59286
59288
59302
59311
59317
59329
59366
59371
59386
59430
59443
59467
59468
59474
59497
59498
59520
59532
59536
59538
59574
59586
59589
59622
59627
59628
59634
59662
59713
59765
59768
59781
59799
59830
59854
59864
59888
59889
59902
59910
59919
59934
60007
60010
60025
60030
60053
60060
60062
60081
60088
60147
60150
60160
60228
60236
60292
60306
60309
60355
60378
60418
60427
60433
60448
60568
60618
60622
60644
60646
60677
60689
60693
60719
60733
60768
60775
60792
60793
60816
60872
60889
60940
60968
60969
60987
61044
61051
61091
61095
61115
61156
61182
61191
61224
61235
61237
61258
61328
61332
61344
61365
61369
61372
61390
61407
61425
61437
61440
61459
61463
61486
61530
61543
61585
61586
61626
61639
61668
61699
61767
61779
61792
61865
61872
61882
61892
61923
61931
61942
61973
62003
62044
62077
62121
62135
62137
62138
62201
62204
62304
62305
62309
62324
62357
62363
62394
62398
62431
62447
62456
62521
62542
62549
62598
62650
62672
62722
62729
62761
62763
62767
62776
62787
62813
62832
62847
62850
62856
62883
62893
62895
62921
62946
62964
62970
63021
63049
63078
63091
63099
63100
63149
63156
63158
63162
63163
63179
63198
63214
63217
63220
63225
63238
63253
63254
63277
63303
63340
63453
63480
63489
63490
63508
63546
63580
63599
63610
63618
63673
63697
63759
63781
63823
63866
63867
63873
63876
63877
63894
63916
63947
63955
64013
64027
64069
64093
64155
64183
64191
64198
64251
64255
64313
64334
64337
64350
64357
64400
64401
64459
64485
64490
64501
64517
64522
64534
64540
64600
64619
64633
64640
64644
64681
64720
64738
64788
64789
64802
64829
64861
64862
64885
64898
64928
64978
65005
65011
65014
65063
65083
65094
65101
65113
65138
65158
65168
65184
65202
65300
65333
65334
65339
65359
65370
65374
65384
65400
65405
65426
65438
65497
65506
65517
65541
65550
65568
65581
65591
65622
65642
65645
65706
65712
65725
65749
65758
65801
65814
65830
65857
65877
65887
65897
65928
65940
65941
65953
65970
66024
66038
66046
66054
66058
66076
66093
66118
66126
66250
66284
66289
66342
66412
66438
66454
66464
66485
66494
66524
66540
66557
66562
66566
66568
66622
66669
66685
66695
66707
66732
66734
66809
66821
66837
66838
66843
66864
66868
66871
66873
66973
66979
66996
67004
67007
67011
67014
67030
67035
67050
67052
67053
67054
67121
67123
67130
67135
67139
67166
67187
67203
67233
67247
67260
67262
67279
67294
67300
67370
67390
67455
67465
67512
67544
67597
67635
67638
67649
67652
67706
67721
67726
67736
67748
67754
67781
67793
67814
67837
67843
67972
67983
68013
68060
68086
68088
68091
68094
68097
68106
68114
68116
68119
68121
68129
68130
68131
68142
68171
68189
68208
68213
68226
68260
68275
68280
68315
68342
68420
68422
68425
68436
68459
68483
68491
68500
68521
68545
68578
68598
68607
68608
68618
68636
68642
68650
68675
68726
68812
68815
68835
68840
68870
68877
68914
68917
68923
68949
68961
68962
69001
69037
69060
69075
69081
69122
69129
69135
69164
69166
69170
69179
69204
69224
69242
69268
69285
69304
69310
69324
69367
69470
69490
69494
69497
69509
69535
69542
69585
69621
69633
69645
69651
69653
69713
69728
69744
69766
69777
69784
69787
69796
69812
69907
69925
69933
69983
69988
69991
70030
70036
70053
70065
70068
70071
70074
70090
70097
70113
70115
70153
70174
70191
70192
70229
70238
70269
70270
70272
70297
70302
70320
70346
70349
70371
70385
70389
70390
70391
70419
70453
70470
70483
70522
70533
70543
70613
70615
70634
70635
70649
70654
70671
70700
70738
70743
70750
70783
70799
70860
70885
70894
70929
70954
70957
70960
70961
70962
70994
71003
71011
71016
71039
71058
71078
71085
71115
71123
71141
71145
71146
71147
71169
71182
71187
71190
71191
71200
71201
71202
71235
71253
71283
71285
71296
71349
71381
71384
71413
71417
71449
71450
71467
71481
71496
71504
71527
71558
71559
71568
71585
71614
71622
71648
71656
71771
71774
71781
71786
71804
71821
71826
71855
71867
71911
71942
71945
71952
71955
71983
72023
72031
72055
72068
72069
72075
72087
72092
72099
72109
72126
72164
72194
72195
72212
72261
72278
72298
72340
72346
72353
72361
72369
72378
72401
72420
72440
72456
72512
72522
72530
72534
72536
72608
72621
72622
72632
72640
72680
72681
72718
72730
72773
72791
72793
72796
72830
72880
72883
72897
72942
72970
73023
73056
73074
73095
73121
73207
73229
73240
73270
73319
73400
73412
73447
73504
73508
73521
73539
73556
73584
73607
73613
73616
73643
73714
73730
73803
73813
73839
73840
73875
73888
73914
73943
73983
74015
74097
74118
74128
74153
74160
74161
74164
74189
74199
74229
74244
74310
74313
74328
74397
74471
74492
74514
74516
74540
74549
74581
74593
74595
74603
74617
74630
74636
74657
74680
74682
74720
74751
74770
74771
74822
74854
74855
74865
74875
74906
74951
74976
74986
75036
75041
75074
75104
75109
75130
75138
75154
75191
75205
75209
75227
75231
75254
75256
75269
75290
75328
75330
75361
75366
75374
75390
75420
75426
75485
75493
75508
75528
75531
75534
75562
75568
75570
75590
75597
75629
75631
75640
75643
75677
75691
75696
75729
75754
75779
75794
75830
75863
75872
75884
75889
75937
75945
76049
76051
76052
76056
76057
76164
76239
76267
76295
76300
76314
76319
76322
76354
76361
76362
76363
76364
76376
76379
76415
76419
76465
76466
76497
76502
76525
76527
76541
76546
76558
76647
76707
76715
76728
76732
76758
76768
76776
76807
76817
76824
76832
76833
76835
76844
76862
76863
76893
76925
76927
76965
76968
76974
76986
76987
76992
76998
77003
77021
77042
77065
77071
77073
77092
77105
77144
77145
77190
77206
77268
77303
77305
77343
77347
77410
77419
77466
77487
77493
77549
77574
77629
77644
77650
77678
77704
77739
77753
77761
77763
77784
77807
77821
77837
77838
77849
77853
77858
77863
77866
77880
77893
77903
77905
77909
77921
77931
78027
78064
78076
78081
78084
78094
78100
78126
78130
78182
78188
78221
78222
78235
78251
78320
78323
78324
78327
78365
78371
78378
78384
78391
78394
78406
78408
78467
78477
78512
78516
78580
78631
78682
78710
78791
78815
78820
78824
78843
78863
78878
78880
78891
78903
78913
78915
78918
78926
78952
78977
78988
79004
79027
79028
79163
79173
79213
79223
79232
79236
79237
79238
79271
79297
79303
79306
79326
79329
79335
79356
79360
79389
79397
79412
79421
79425
79426
79448
79466
79506
79514
79523
79529
79535
79540
79578
79586
79588
79609
79615
79632
79656
79709
79714
79747
79754
79803
79814
79838
79849
79869
79893
79906
79911
79927
79938
79941
79945
79965
80004
80010
80017
80027
80036
80038
80052
80055
80091
80156
80172
80196
80207
80214
80224
80226
80232
80257
80265
80286
80287
80295
80304
80315
80316
80364
80369
80374
80397
80406
80426
80441
80479
80509
80558
80567
80580
80581
80591
80645
80681
80691
80692
80746
80759
80764
80786
80788
80798
80822
80825
80841
80855
80861
80863
80871
80886
80889
80891
80898
80952
80958
81002
81073
81085
81091
81098
81099
81118
81129
81131
81136
81140
81164
81183
81187
81235
81257
81263
81274
81282
81291
81301
81322
81337
81359
81401
81410
81424
81425
81430
81440
81444
81455
81476
81514
81562
81612
81630
81635
81652
81686
81693
81700
81728
81738
81739
81755
81761
81777
81793
81805
81844
81857
81872
81890
81895
81929
81937
81944
81948
81964
82005
82094
82102
82111
82112
82127
82146
82161
82197
82200
82218
82236
82237
82270
82297
82312
82316
82338
82343
82346
82352
82380
82390
82399
82402
82403
82407
82472
82473
82475
82492
82507
82535
82573
82576
82603
82627
82629
82630
82658
82693
82704
82709
82734
82751
82756
82793
82802
82819
82830
82839
82844
82847
82850
82851
82874
82904
82918
82934
82936
82938
82966
82975
82981
82990
82998
83024
83057
83059
83090
83096
83134
83145
83151
83175
83182
83202
83219
83222
83230
83236
83254
83358
83382
83406
83413
83466
83496
83500
83506
83520
83557
83562
83576
83584
83609
83676
83685
83769
83772
83787
83798
83799
83812
83817
83840
83860
83884
83885
83889
83891
83894
83920
83927
83943
83961
83967
83989
83997
84031
84050
84051
84063
84070
84094
84103
84156
84199
84209
84212
84222
84241
84252
84262
84307
84318
84319
84324
84330
84341
84357
84360
84369
84375
84378
84384
84400
84425
84460
84473
84477
84494
84504
84525
84561
84566
84574
84589
84650
84664
84684
84691
84705
84707
84715
84720
84739
84801
84803
84813
84833
84843
84858
84865
84877
84878
84911
84944
84985
85010
85018
85030
85052
85070
85084
85091
85092
85134
85166
85188
85198
85200
85206
85232
85249
85289
85308
85315
85316
85329
85349
85368
85382
85395
85397
85439
85446
85477
85513
85515
85528
85545
85561
85573
85589
85602
85623
85639
85653
85700
85706
85714
85716
85730
85741
85762
85772
85787
85809
85812
85877
85880
85896
85904
85932
85935
85950
85967
85982
85991
86007
86014
86028
86033
86047
86100
86110
86111
86115
86130
86146
86152
86155
86161
86207
86242
86246
86256
86275
86282
86288
86289
86306
86330
86349
86383
86428
86435
86443
86462
86504
86543
86656
86660
86724
86732
86745
86750
86758
86771
86788
86797
86806
86825
86908
86912
86917
86921
86955
87012
87049
87095
87121
87145
87169
87200
87214
87219
87224
87234
87286
87290
87340
87359
87362
87438
87439
87540
87552
87584
87645
87723
87738
87762
87767
87827
87863
87869
87893
87897
87903
87937
87965
87983
87985
87992
87995
87996
88037
88047
88058
88068
88083
88136
88177
88211
88271
88287
88321
88331
88338
88351
88357
88393
88411
88439
88447
88463
88499
88512
88527
88604
88627
88679
88703
88717
88750
88820
88823
88831
88843
88845
88848
88854
88856
88902
88912
88925
88948
88986
89023
89036
89052
89066
89074
89086
89091
89132
89139
89140
89155
89160
89183
89207
89241
89245
89304
89326
89329
89343
89346
89359
89377
89403
89435
89471
89481
89502
89503
89514
89533
89538
89555
89574
89577
89588
89591
89624
89630
89667
89728
89729
89748
89760
89810
89835
89843
89845
89881
89899
89910
89912
90002
90031
90033
90047
90051
90147
90170
90283
90301
90319
90326
90353
90356
90361
90390
90411
90421
90470
90513
90524
90552
90553
90556
90637
90660
90682
90777
90785
90804
90859
90863
90869
90876
90922
90941
91005
91032
91052
91057
91061
91105
91137
91145
91147
91170
91185
91198
91244
91247
91286
91305
91324
91343
91351
91399
91401
91402
91427
91442
91459
91461
91481
91511
91574
91607
91615
91619
91640
91674
91686
91713
91717
91763
91771
91840
91846
91859
91873
91940
92012
92032
92038
92052
92055
92063
92086
92110
92127
92143
92185
92218
92228
92241
92256
92297
92300
92308
92311
92314
92320
92337
92389
92395
92402
92432
92435
92461
92478
92494
92520
92548
92580
92613
92641
92674
92677
92715
92752
92777
92880
92888
92898
92912
92913
92949
92956
92969
93027
93071
93096
93112
93138
93142
93160
93175
93179
93191
93193
93212
93247
93252
93264
93291
93319
93388
93424
93444
93489
93540
93541
93582
93638
93685
93710
93725
93755
93772
93776
93798
93823
93847
93856
93884
93916
93919
93933
93950
93978
93981
94022
94033
94038
94049
94107
94109
94125
94153
94169
94195
94248
94268
94271
94338
94343
94362
94374
94381
94382
94384
94400
94407
94426
94429
94433
94445
94460
94472
94474
94486
94503
94510
94532
94534
94535
94549
94605
94608
94673
94681
94682
94692
94743
94744
94762
94783
94855
94865
94885
94887
94908
94912
94924
94934
94938
94958
94970
95015
95055
95095
95128
95153
95154
95240
95266
95288
95300
95307
95316
95319
95376
95381
95382
95391
95395
95448
95449
95469
95482
95505
95516
95533
95537
95542
95545
95551
95567
95606
95654
95688
95694
95710
95715
95785
95803
95813
95818
95827
95847
95946
95947
95967
95981
95986
95995
95999
96010
96018
96022
96058
96062
96147
96198
96212
96231
96256
96292
96328
96368
96375
96377
96398
96432
96451
96457
96462
96465
96473
96491
96492
96496
96522
96534
96540
96568
96569
96619
96630
96633
96643
96651
96669
96686
96695
96717
96730
96767
96785
96792
96801
96825
96843
96943
96955
96971
96973
96978
96998
97007
97048
97052
97091
97113
97134
97153
97170
97193
97199
97214
97216
97223
97231
97253
97298
97314
97326
97333
97338
97356
97362
97403
97404
97478
97482
97487
97505
97508
97531
97554
97555
97570
97581
97585
97594
97598
97609
97647
97665
97678
97713
97742
97751
97752
97762
97771
97789
97795
97837
97843
97861
97874
97884
97902
97912
97920
97929
98022
98051
98077
98106
98124
98172
98192
98202
98297
98326
98341
98345
98368
98434
98446
98459
98467
98471
98474
98483
98485
98500
98517
98526
98532
98533
98556
98559
98575
98581
98693
98758
98816
98888
98892
98926
98996
99035
99041
99071
99073
99077
99082
99126
99129
99131
99221
99237
99239
99274
99282
99286
99298
99317
99333
99361
99387
99401
99420
99421
99436
99486
99531
99534
99550
99597
99599
99602
99604
99628
99640
99684
99688
99700
99707
99709
99711
99721
99782
99787
99795
99810
99861
99882
99897
99927
99938
99979
