1
5
6
7
8
9
12
13
14
15
17
20
21
22
26
29
32
35
38
40
42
45
48
49
50
52
53
54
57
59
64
67
68
69
70
74
75
77
79
80
83
86
87
90
91
99
101
102
105
107
108
115
117
121
122
125
131
132
133
138
139
142
148
149
152
154
155
156
157
158
164
165
166
168
169
177
180
182
186
187
189
190
193
194
197
199
202
203
204
206
210
211
213
214
216
217
218
219
222
223
224
225
227
230
231
233
235
239
240
243
245
247
248
251
252
256
260
261
263
265
266
268
270
271
273
274
278
280
283
285
286
288
292
300
301
304
306
308
310
311
312
315
316
317
320
321
324
325
328
329
330
333
334
337
338
340
341
342
346
348
349
351
352
353
355
357
358
360
362
364
365
367
370
373
374
375
377
379
384
387
388
390
391
393
394
400
401
405
406
410
411
412
413
414
418
422
426
429
430
431
434
436
437
438
440
442
445
447
448
449
451
452
455
457
459
460
461
462
463
468
469
471
473
475
476
479
480
482
486
487
488
489
490
493
494
495
496
497
498
499
500
501
503
504
506
507
508
510
511
514
517
518
519
520
521
522
523
525
527
528
529
530
531
534
536
537
538
539
541
544
546
548
550
551
553
555
556
559
562
566
567
568
571
574
575
578
581
584
586
588
589
590
593
595
597
598
599
600
602
603
605
606
607
608
610
612
616
621
624
626
627
631
633
635
636
637
638
639
642
646
648
651
652
655
657
662
663
664
669
674
676
679
681
682
687
688
689
690
692
693
694
696
697
700
702
703
705
707
708
709
710
711
716
719
723
725
727
728
730
731
732
735
736
742
743
744
746
749
750
751
753
754
755
756
757
758
759
761
763
765
767
769
770
771
777
779
781
783
785
786
787
790
791
794
795
796
797
798
799
804
808
810
811
815
817
818
820
821
823
825
826
827
829
830
831
832
833
838
839
841
843
844
845
854
856
857
858
863
867
868
871
872
873
874
875
876
878
879
881
882
887
889
890
891
892
893
897
900
901
905
910
911
912
913
917
919
926
927
929
930
931
933
934
936
937
938
939
941
944
945
947
948
950
955
956
957
958
959
961
962
963
967
968
970
973
975
976
978
981
985
986
987
990
992
993
997
1000
1001
1003
1006
1007
1008
1009
1014
1016
1017
1018
1019
1020
1024
1025
1027
1028
1029
1031
1032
1033
1035
1036
1038
1039
1046
1048
1052
1054
1058
1060
1061
1062
1064
1066
1067
1068
1069
1071
1078
1080
1081
1083
1084
1085
1086
1089
1091
1094
1097
1099
1101
1103
1106
1107
1108
1109
1112
1118
1119
1120
1123
1125
1126
1127
1128
1131
1134
1135
1136
1137
1138
1140
1143
1145
1146
1149
1150
1151
1152
1157
1159
1160
1163
1165
1168
1169
1172
1176
1177
1180
1181
1182
1184
1185
1187
1188
1190
1191
1192
1193
1196
1197
1198
1200
1201
1202
1203
1205
1206
1210
1212
1214
1218
1219
1220
1222
1223
1224
1227
1228
1229
1233
1236
1240
1241
1242
1243
1244
1245
1247
1249
1250
1251
1252
1256
1257
1258
1260
1261
1262
1263
1264
1267
1270
1271
1272
1279
1281
1282
1283
1288
1291
1292
1293
1297
1301
1302
1312
1321
1323
1325
1328
1330
1331
1336
1337
1340
1342
1343
1344
1347
1348
1350
1351
1352
1355
1356
1359
1360
1361
1362
1364
1365
1368
1372
1377
1378
1381
1382
1383
1384
1388
1390
1394
1395
1399
1400
1404
1405
1406
1407
1409
1413
1414
1416
1417
1420
1422
1425
1426
1429
1431
1433
1434
1436
1437
1438
1441
1444
1446
1447
1448
1450
1452
1453
1454
1456
1457
1459
1460
1461
1463
1464
1465
1471
1473
1474
1475
1481
1483
1484
1485
1488
1491
1492
1493
1495
1497
1498
1500
1506
1507
1511
1512
1513
1514
1516
1519
1522
1523
1524
1527
1529
1531
1532
1533
1535
1536
1537
1543
1544
1545
1548
1549
1551
1552
1553
1554
1555
1556
1557
1559
1560
1569
1572
1574
1580
1583
1585
1588
1589
1590
1592
1593
1596
1597
1599
1600
1601
1605
1606
1607
1612
1613
1615
1618
1620
1622
1624
1628
1631
1632
1633
1635
1638
1639
1641
1643
1647
1648
1650
1652
1653
1656
1658
1659
1666
1668
1671
1673
1676
1679
1681
1682
1684
1685
1686
1687
1691
1693
1694
1695
1697
1699
1702
1704
1705
1706
1708
1710
1712
1713
1714
1718
1721
1722
1723
1724
1725
1726
1728
1729
1730
1731
1733
1734
1735
1737
1740
1741
1742
1743
1744
1747
1749
1751
1753
1754
1760
1761
1765
1767
1775
1776
1778
1779
1781
1783
1787
1789
1792
1793
1794
1795
1797
1798
1801
1802
1804
1807
1808
1810
1813
1819
1820
1821
1825
1826
1827
1828
1829
1832
1834
1836
1837
1839
1841
1842
1843
1847
1850
1852
1855
1858
1859
1860
1864
1865
1869
1871
1872
1873
1874
1875
1877
1878
1879
1880
1881
1885
1886
1887
1888
1889
1892
1893
1894
1895
1896
1900
1901
1909
1911
1916
1918
1920
1921
1923
1925
1927
1931
1932
1933
1934
1936
1937
1939
1942
1943
1946
1947
1948
1949
1950
1955
1957
1959
1960
1962
1963
1964
1965
1966
1967
1968
1970
1972
1973
1974
1976
1979
1980
1981
1982
1985
1989
1990
1991
1993
1994
1995
1996
1997
1998
1999
2000
2001
2002
2006
2007
2008
2009
2012
2013
2014
2015
2016
2017
2020
2021
2022
2028
2029
2030
2031
2035
2036
2039
2041
2046
2048
2050
2052
2054
2055
2056
2058
2061
2062
2066
2067
2072
2074
2076
2078
2079
2081
2084
2086
2088
2091
2092
2094
2096
2098
2099
2100
2101
2107
2108
2109
2110
2112
2113
2116
2121
2122
2123
2126
2127
2129
2132
2135
2138
2141
2144
2147
2151
2152
2154
2155
2161
2162
2164
2166
2167
2168
2172
2174
2175
2176
2180
2181
2182
2183
2186
2188
2193
2195
2198
2199
2202
2206
2207
2208
2212
2214
2215
2221
2222
2223
2224
2225
2226
2231
2237
2241
2242
2245
2249
2251
2252
2253
2254
2257
2263
2265
2266
2269
2270
2276
2277
2279
2282
2284
2286
2291
2292
2294
2297
2298
2299
2301
2303
2305
2307
2308
2310
2317
2320
2321
2322
2324
2327
2330
2336
2339
2340
2344
2348
2349
2351
2353
2355
2358
2360
2361
2362
2363
2367
2368
2371
2373
2375
2377
2379
2381
2385
2386
2389
2393
2394
2398
2400
2403
2407
2408
2409
2410
2411
2412
2415
2417
2418
2421
2422
2424
2425
2426
2427
2428
2430
2431
2435
2436
2437
2438
2442
2446
2447
2449
2450
2451
2452
2453
2455
2456
2457
2458
2459
2460
2463
2466
2471
2473
2477
2478
2479
2481
2484
2485
2487
2488
2489
2490
2495
2496
2497
2500
2501
2502
2503
2504
2505
2508
2510
2512
2513
2514
2518
2519
2520
2521
2522
2523
2524
2528
2529
2530
2532
2533
2535
2537
2540
2541
2542
2544
2546
2547
2548
2550
2554
2557
2558
2561
2563
2564
2566
2568
2569
2573
2576
2577
2578
2579
2582
2584
2588
2589
2591
2593
2596
2597
2598
2599
2600
2601
2608
2611
2612
2614
2618
2619
2621
2623
2624
2627
2629
2630
2631
2634
2635
2636
2639
2641
2643
2645
2646
2652
2657
2665
2670
2673
2674
2676
2677
2678
2679
2680
2682
2684
2685
2687
2690
2693
2695
2696
2697
2698
2700
2702
2705
2707
2709
2712
2713
2714
2717
2718
2721
2722
2723
2724
2725
2728
2729
2730
2732
2733
2734
2736
2737
2744
2745
2746
2747
2748
2750
2752
2753
2754
2761
2765
2768
2771
2772
2773
2774
2775
2777
2781
2782
2785
2786
2788
2798
2800
2801
2803
2804
2809
2812
2813
2815
2816
2817
2818
2820
2821
2822
2823
2824
2829
2832
2835
2838
2841
2845
2846
2847
2848
2849
2851
2853
2854
2861
2862
2863
2865
2866
2870
2871
2874
2878
2882
2883
2886
2887
2889
2890
2891
2892
2893
2895
2898
2899
2900
2906
2907
2908
2909
2910
2915
2917
2918
2919
2921
2924
2927
2931
2932
2934
2935
2938
2940
2944
2945
2947
2948
2950
2954
2955
2957
2958
2963
2966
2968
2970
2971
2974
2975
2976
2977
2979
2982
2986
2987
2988
2990
2992
2993
2997
2998
2999
3003
3004
3008
3010
3011
3018
3019
3020
3022
3023
3025
3026
3027
3028
3031
3033
3036
3039
3041
3043
3044
3045
3047
3049
3050
3054
3055
3056
3057
3058
3059
3061
3065
3066
3067
3068
3070
3076
3077
3078
3081
3083
3084
3086
3087
3088
3089
3092
3093
3095
3100
3101
3104
3105
3108
3109
3112
3114
3115
3118
3119
3125
3126
3128
3133
3138
3140
3142
3143
3144
3145
3151
3153
3154
3155
3156
3157
3159
3160
3161
3163
3164
3165
3167
3168
3171
3172
3173
3177
3178
3179
3180
3181
3183
3185
3187
3193
3194
3199
3201
3203
3206
3208
3209
3213
3215
3216
3219
3222
3223
3226
3231
3232
3233
3237
3238
3242
3243
3244
3245
3246
3247
3248
3251
3254
3256
3258
3260
3261
3262
3263
3264
3267
3268
3270
3275
3278
3280
3284
3286
3287
3288
3290
3291
3293
3294
3299
3300
3301
3304
3306
3307
3310
3312
3313
3314
3317
3318
3320
3321
3322
3323
3324
3325
3326
3328
3331
3332
3333
3334
3339
3341
3342
3343
3345
3349
3351
3354
3355
3357
3358
3360
3361
3363
3364
3365
3366
3367
3368
3375
3376
3377
3379
3380
3381
3385
3386
3388
3392
3394
3395
3396
3401
3405
3406
3407
3408
3409
3410
3411
3412
3413
3415
3416
3417
3418
3421
3423
3424
3425
3428
3429
3430
3432
3434
3436
3438
3441
3443
3444
3445
3448
3451
3452
3454
3455
3456
3460
3461
3462
3464
3465
3466
3467
3468
3471
3473
3474
3475
3476
3477
3478
3480
3481
3483
3490
3492
3496
3497
3499
3501
3502
3503
3506
3507
3509
3510
3512
3515
3516
3517
3518
3522
3524
3525
3526
3528
3529
3532
3534
3536
3538
3540
3541
3542
3545
3547
3548
3551
3552
3556
3558
3559
3560
3561
3564
3567
3568
3570
3571
3574
3576
3577
3579
3580
3582
3584
3587
3590
3594
3595
3596
3598
3601
3605
3606
3609
3611
3613
3614
3616
3617
3618
3619
3620
3624
3625
3626
3627
3628
3629
3630
3631
3632
3635
3636
3639
3641
3646
3653
3655
3657
3658
3661
3662
3663
3665
3675
3676
3679
3684
3685
3688
3693
3694
3697
3698
3699
3700
3701
3703
3708
3709
3711
3714
3715
3716
3717
3720
3721
3724
3727
3733
3734
3735
3736
3738
3741
3742
3744
3745
3748
3750
3751
3752
3757
3760
3761
3762
3763
3765
3766
3770
3771
3772
3774
3776
3777
3779
3780
3781
3785
3786
3788
3789
3792
3793
3794
3795
3796
3797
3798
3799
3800
3801
3806
3808
3812
3814
3816
3817
3821
3823
3824
3825
3826
3827
3828
3832
3834
3835
3837
3838
3839
3841
3847
3848
3849
3850
3852
3854
3858
3860
3861
3864
3865
3866
3867
3869
3870
3872
3873
3878
3879
3882
3883
3885
3891
3895
3898
3902
3903
3904
3905
3906
3910
3912
3913
3914
3916
3919
3921
3923
3924
3927
3928
3930
3931
3932
3933
3936
3938
3940
3944
3946
3948
3949
3950
3951
3952
3953
3956
3957
3959
3964
3965
3967
3968
3969
3973
3974
3975
3976
3977
3979
3980
3981
3982
3983
3985
3990
3991
3993
3997
3999
4000
4001
4002
4006
4008
4010
4012
4014
4015
4016
4017
4018
4020
4023
4027
4030
4034
4035
4036
4038
4040
4041
4043
4044
4045
4049
4050
4052
4057
4059
4062
4064
4065
4072
4073
4074
4075
4076
4079
4082
4084
4085
4089
4092
4096
4097
4099
4103
4104
4105
4109
4112
4113
4118
4119
4120
4121
4126
4130
4133
4134
4137
4138
4139
4145
4146
4147
4148
4152
4153
4154
4155
4157
4158
4160
4162
4165
4167
4168
4171
4173
4176
4177
4179
4181
4182
4184
4186
4187
4190
4192
4194
4198
4199
4200
4202
4203
4204
4205
4206
4207
4209
4210
4211
4214
4215
4216
4220
4223
4229
4232
4234
4235
4236
4241
4242
4245
4246
4247
4248
4256
4259
4266
4267
4268
4273
4274
4275
4276
4277
4278
4279
4281
4284
4286
4290
4307
4308
4309
4310
4312
4313
4317
4320
4321
4322
4326
4329
4330
4331
4332
4333
4335
4340
4343
4345
4346
4348
4350
4355
4357
4360
4361
4365
4368
4371
4374
4377
4378
4381
4383
4387
4389
4390
4391
4394
4397
4398
4399
4400
4401
4404
4405
4406
4407
4408
4410
4411
4412
4413
4414
4415
4416
4418
4422
4423
4424
4425
4426
4427
4431
4432
4433
4434
4436
4442
4446
4448
4453
4454
4459
4461
4462
4467
4469
4472
4476
4479
4484
4486
4488
4489
4491
4492
4493
4494
4496
4498
4501
4502
4503
4504
4505
4509
4511
4516
4520
4523
4525
4527
4529
4531
4532
4534
4537
4538
4539
4540
4541
4543
4544
4546
4550
4554
4555
4557
4562
4564
4567
4568
4570
4571
4572
4574
4576
4577
4580
4581
4583
4584
4587
4588
4589
4595
4597
4598
4599
4600
4604
4607
4609
4619
4620
4622
4624
4625
4626
4629
4630
4631
4633
4634
4637
4639
4640
4642
4646
4650
4653
4654
4655
4657
4658
4659
4662
4663
4666
4668
4669
4671
4675
4676
4680
4683
4684
4687
4689
4691
4693
4694
4695
4697
4699
4701
4702
4703
4705
4708
4710
4712
4713
4716
4717
4718
4722
4724
4725
4726
4727
4731
4733
4736
4740
4743
4744
4746
4747
4748
4750
4753
4754
4757
4759
4760
4761
4762
4763
4765
4767
4768
4769
4771
4774
4775
4776
4778
4779
4780
4783
4785
4786
4790
4792
4793
4795
4796
4797
4803
4804
4807
4808
4809
4810
4811
4812
4813
4815
4819
4822
4823
4824
4826
4827
4828
4830
4831
4832
4833
4835
4837
4844
4846
4847
4849
4850
4852
4854
4857
4858
4859
4862
4863
4867
4868
4869
4871
4873
4874
4885
4888
4890
4891
4892
4894
4895
4896
4897
4898
4899
4901
4902
4904
4906
4907
4910
4911
4914
4916
4917
4923
4924
4931
4932
4934
4938
4940
4943
4944
4946
4947
4949
4950
4956
4957
4959
4960
4961
4963
4968
4970
4974
4975
4981
4984
4986
4987
4989
4990
4992
4994
4996
4999
5001
5004
5005
5007
5008
5010
5011
5012
5013
5014
5018
5019
5020
5021
5023
5025
5026
5027
5028
5031
5035
5037
5038
5040
5042
5051
5053
5056
5057
5059
5060
5062
5063
5065
5067
5068
5072
5073
5079
5082
5084
5085
5088
5089
5090
5092
5093
5098
5099
5100
5101
5102
5104
5106
5110
5111
5112
5113
5114
5115
5116
5118
5122
5128
5129
5130
5131
5139
5141
5143
5145
5146
5147
5153
5154
5155
5156
5159
5160
5161
5162
5163
5165
5168
5169
5171
5172
5173
5176
5177
5179
5180
5181
5185
5186
5187
5188
5191
5194
5196
5197
5198
5199
5202
5203
5205
5206
5208
5210
5213
5215
5217
5219
5221
5222
5225
5227
5229
5233
5236
5237
5240
5247
5250
5251
5252
5253
5254
5257
5258
5259
5260
5261
5262
5263
5264
5265
5266
5271
5273
5278
5280
5282
5284
5287
5292
5293
5295
5296
5297
5298
5300
5303
5305
5308
5309
5310
5312
5314
5316
5320
5324
5326
5328
5330
5332
5333
5334
5335
5336
5338
5341
5342
5344
5346
5349
5350
5351
5353
5355
5358
5359
5360
5363
5364
5366
5369
5370
5371
5373
5374
5376
5378
5379
5381
5383
5384
5385
5387
5388
5390
5391
5393
5394
5397
5400
5401
5402
5404
5405
5406
5407
5408
5409
5415
5417
5418
5420
5423
5424
5425
5426
5428
5429
5431
5433
5435
5438
5444
5445
5448
5452
5454
5458
5461
5462
5467
5469
5472
5473
5476
5477
5479
5480
5483
5484
5487
5488
5489
5490
5491
5492
5493
5495
5496
5497
5498
5499
5500
5502
5506
5508
5509
5511
5512
5513
5514
5516
5520
5521
5522
5523
5525
5526
5528
5530
5532
5534
5536
5538
5539
5540
5541
5543
5545
5547
5548
5549
5551
5552
5554
5555
5557
5560
5561
5562
5566
5575
5576
5577
5578
5580
5581
5582
5584
5585
5591
5593
5594
5595
5598
5600
5605
5606
5608
5609
5611
5614
5617
5618
5625
5628
5630
5631
5632
5634
5635
5636
5640
5645
5647
5648
5650
5653
5655
5658
5659
5660
5661
5664
5665
5667
5668
5669
5672
5673
5676
5677
5680
5682
5683
5684
5687
5689
5690
5692
5693
5695
5696
5697
5698
5699
5701
5702
5703
5705
5708
5709
5710
5712
5714
5719
5720
5725
5726
5727
5728
5730
5731
5733
5735
5736
5738
5741
5748
5749
5751
5755
5759
5762
5763
5764
5765
5767
5769
5772
5773
5774
5776
5777
5779
5780
5781
5784
5785
5786
5787
5789
5791
5793
5794
5795
5796
5797
5798
5799
5802
5805
5807
5808
5809
5810
5811
5813
5814
5815
5820
5825
5828
5829
5830
5831
5833
5838
5839
5841
5842
5844
5845
5847
5849
5852
5853
5855
5859
5861
5864
5865
5867
5868
5869
5870
5871
5874
5877
5878
5879
5880
5881
5882
5883
5884
5885
5888
5889
5890
5893
5895
5896
5905
5906
5907
5909
5910
5911
5912
5914
5917
5922
5926
5929
5930
5933
5935
5937
5943
5945
5951
5955
5959
5960
5961
5962
5963
5966
5968
5970
5974
5976
5977
5978
5981
5982
5983
5984
5985
5986
5987
5988
5990
5992
5995
5999
6000
6001
6002
6006
6008
6009
6011
6012
6013
6016
6018
6025
6028
6031
6032
6033
6034
6040
6042
6044
6046
6050
6051
6054
6055
6056
6058
6059
6060
6061
6064
6065
6066
6067
6071
6073
6077
6080
6082
6083
6084
6085
6089
6090
6092
6097
6098
6099
6100
6101
6102
6104
6105
6106
6108
6109
6110
6111
6113
6116
6117
6118
6119
6120
6121
6128
6129
6130
6133
6134
6135
6138
6139
6140
6143
6145
6147
6152
6155
6156
6158
6159
6163
6164
6165
6167
6168
6169
6172
6174
6175
6176
6177
6179
6180
6182
6183
6188
6189
6190
6191
6193
6194
6197
6198
6199
6200
6204
6207
6208
6209
6211
6213
6215
6216
6222
6224
6225
6228
6230
6232
6233
6236
6237
6239
6244
6247
6248
6252
6253
6254
6255
6256
6259
6262
6266
6267
6268
6270
6273
6274
6275
6280
6281
6283
6285
6286
6288
6289
6290
6291
6296
6298
6299
6300
6302
6307
6309
6310
6313
6314
6315
6321
6323
6324
6325
6328
6329
6331
6333
6335
6336
6337
6340
6341
6342
6343
6344
6345
6347
6349
6350
6352
6354
6356
6359
6360
6361
6363
6366
6368
6370
6371
6372
6374
6375
6376
6378
6379
6380
6381
6383
6387
6390
6391
6396
6397
6399
6400
6401
6403
6406
6409
6410
6411
6412
6416
6417
6418
6419
6424
6425
6427
6429
6431
6433
6435
6436
6437
6438
6440
6441
6442
6443
6445
6447
6450
6452
6455
6458
6459
6461
6468
6469
6471
6472
6473
6474
6475
6476
6477
6479
6480
6483
6485
6486
6488
6489
6491
6493
6494
6499
6504
6505
6506
6507
6508
6512
6514
6523
6524
6525
6526
6530
6534
6535
6538
6539
6540
6541
6542
6544
6545
6546
6547
6550
6551
6553
6554
6555
6556
6558
6559
6560
6563
6564
6566
6568
6569
6572
6574
6576
6579
6580
6581
6584
6587
6591
6596
6598
6600
6602
6603
6604
6607
6609
6612
6614
6615
6617
6618
6619
6622
6623
6627
6629
6631
6632
6633
6634
6635
6636
6638
6644
6645
6647
6650
6654
6660
6662
6666
6667
6669
6670
6671
6672
6677
6678
6679
6681
6682
6683
6686
6687
6691
6692
6698
6701
6702
6705
6708
6709
6710
6712
6714
6716
6720
6724
6725
6726
6727
6729
6730
6731
6732
6733
6734
6736
6737
6738
6739
6740
6741
6742
6743
6744
6749
6752
6757
6758
6764
6766
6768
6769
6771
6772
6773
6774
6775
6776
6778
6779
6780
6781
6782
6784
6787
6788
6789
6790
6792
6793
6795
6796
6799
6800
6802
6803
6806
6809
6810
6812
6815
6816
6818
6819
6820
6822
6823
6826
6827
6829
6831
6832
6833
6835
6836
6838
6842
6845
6846
6847
6849
6851
6852
6856
6859
6860
6869
6871
6872
6874
6876
6878
6886
6887
6888
6889
6890
6891
6892
6896
6900
6901
6903
6905
6907
6910
6912
6914
6916
6920
6922
6925
6927
6928
6930
6931
6933
6934
6935
6936
6937
6938
6941
6942
6943
6944
6946
6949
6951
6952
6953
6954
6956
6957
6959
6962
6963
6964
6966
6967
6973
6974
6975
6976
6977
6980
6981
6985
6987
6988
6990
6991
6992
6999
7000
7001
7003
7004
7005
7006
7007
7008
7010
7011
7013
7015
7016
7017
7018
7022
7023
7025
7028
7034
7035
7039
7040
7041
7044
7052
7053
7054
7057
7058
7059
7060
7062
7063
7064
7065
7066
7073
7074
7077
7078
7080
7082
7083
7084
7085
7087
7091
7092
7093
7096
7097
7099
7101
7102
7107
7109
7110
7111
7113
7114
7115
7116
7118
7126
7127
7128
7136
7137
7139
7141
7142
7145
7146
7148
7149
7150
7152
7154
7155
7157
7159
7161
7162
7168
7170
7179
7181
7183
7184
7185
7186
7187
7194
7195
7196
7197
7198
7199
7201
7202
7207
7209
7210
7211
7213
7214
7215
7216
7218
7219
7221
7227
7229
7230
7233
7235
7236
7237
7239
7240
7243
7244
7245
7246
7247
7249
7250
7252
7253
7254
7257
7263
7264
7265
7267
7270
7273
7274
7275
7282
7283
7284
7285
7287
7291
7293
7300
7301
7307
7308
7310
7311
7313
7316
7317
7319
7321
7322
7323
7324
7327
7328
7331
7332
7335
7337
7339
7342
7348
7349
7350
7351
7352
7353
7354
7359
7360
7364
7367
7368
7369
7371
7372
7374
7379
7381
7384
7385
7386
7387
7388
7389
7390
7396
7397
7399
7401
7402
7405
7406
7408
7411
7415
7418
7421
7426
7427
7428
7430
7431
7432
7433
7434
7437
7439
7440
7441
7442
7443
7444
7445
7448
7451
7452
7453
7456
7458
7459
7460
7463
7465
7469
7471
7472
7473
7474
7477
7479
7481
7484
7487
7489
7492
7494
7495
7498
7502
7504
7506
7507
7508
7511
7512
7513
7517
7519
7522
7524
7526
7527
7528
7529
7530
7534
7535
7537
7538
7541
7542
7543
7545
7546
7547
7552
7558
7560
7561
7563
7564
7566
7567
7568
7574
7575
7576
7578
7579
7580
7582
7584
7589
7590
7591
7593
7594
7595
7596
7597
7600
7603
7604
7605
7606
7608
7609
7611
7615
7616
7617
7620
7622
7624
7625
7626
7630
7631
7632
7633
7635
7636
7637
7638
7639
7643
7644
7645
7646
7647
7649
7650
7655
7657
7658
7659
7660
7663
7665
7666
7668
7669
7670
7671
7673
7674
7675
7676
7677
7679
7681
7685
7686
7689
7693
7695
7698
7700
7701
7702
7703
7705
7706
7707
7709
7711
7712
7714
7716
7718
7719
7721
7722
7724
7727
7730
7731
7733
7735
7736
7738
7741
7747
7749
7751
7752
7753
7754
7755
7758
7760
7761
7762
7763
7764
7766
7770
7773
7774
7776
7777
7784
7785
7786
7789
7790
7792
7793
7795
7796
7797
7798
7800
7804
7807
7809
7810
7814
7815
7816
7821
7823
7827
7828
7829
7831
7832
7833
7834
7835
7837
7838
7839
7840
7841
7842
7843
7846
7847
7848
7850
7852
7853
7854
7855
7857
7860
7861
7865
7866
7867
7868
7870
7873
7874
7876
7878
7880
7881
7882
7884
7889
7893
7895
7897
7899
7901
7904
7908
7909
7913
7914
7916
7919
7924
7926
7927
7932
7933
7937
7938
7940
7941
7942
7944
7946
7947
7948
7950
7951
7953
7954
7956
7957
7962
7963
7965
7966
7967
7972
7973
7974
7975
7976
7978
7980
7982
7983
7984
7985
7987
7988
7989
7990
7993
7994
7997
7998
8001
8002
8006
8010
8014
8017
8018
8020
8025
8027
8030
8031
8032
8034
8037
8040
8041
8042
8044
8045
8047
8050
8052
8053
8054
8055
8057
8059
8060
8062
8065
8068
8069
8070
8073
8075
8077
8083
8084
8086
8087
8092
8097
8098
8099
8101
8102
8105
8106
8110
8111
8112
8114
8115
8118
8120
8121
8122
8123
8127
8131
8133
8135
8140
8142
8143
8145
8148
8149
8151
8153
8154
8156
8164
8165
8167
8168
8169
8171
8174
8177
8178
8180
8181
8182
8183
8184
8186
8187
8191
8192
8194
8196
8199
8200
8201
8204
8209
8210
8211
8212
8214
8218
8222
8224
8225
8226
8227
8228
8232
8234
8236
8237
8243
8244
8250
8252
8253
8254
8256
8257
8260
8262
8263
8264
8266
8269
8270
8272
8275
8277
8283
8284
8286
8289
8291
8294
8302
8303
8306
8308
8309
8310
8311
8313
8314
8317
8319
8320
8325
8327
8330
8333
8336
8339
8340
8344
8345
8346
8347
8354
8356
8357
8358
8360
8363
8364
8365
8366
8368
8369
8370
8373
8375
8378
8380
8381
8382
8384
8385
8386
8391
8397
8400
8402
8404
8406
8407
8413
8414
8415
8416
8420
8421
8423
8424
8425
8427
8428
8432
8433
8434
8435
8436
8438
8440
8441
8442
8443
8445
8447
8451
8453
8456
8464
8465
8466
8467
8469
8470
8473
8474
8475
8478
8482
8484
8485
8486
8487
8489
8491
8492
8497
8498
8499
8500
8501
8503
8505
8506
8508
8509
8510
8511
8515
8518
8519
8520
8522
8523
8525
8528
8530
8531
8532
8533
8534
8535
8536
8541
8544
8545
8546
8549
8550
8554
8556
8557
8559
8566
8567
8568
8570
8571
8581
8585
8586
8587
8589
8591
8593
8595
8596
8598
8599
8602
8603
8606
8607
8611
8612
8614
8615
8617
8618
8619
8625
8626
8627
8628
8629
8631
8634
8636
8637
8639
8640
8643
8644
8647
8648
8650
8651
8653
8654
8655
8656
8660
8661
8662
8664
8665
8666
8667
8668
8669
8670
8672
8673
8680
8683
8684
8685
8687
8693
8695
8696
8697
8699
8705
8706
8709
8710
8713
8716
8718
8719
8723
8725
8727
8731
8732
8733
8734
8736
8737
8739
8741
8743
8746
8747
8748
8750
8752
8755
8757
8758
8764
8765
8769
8771
8774
8775
8777
8779
8783
8784
8785
8786
8788
8795
8796
8799
8800
8801
8806
8807
8809
8812
8813
8817
8818
8820
8821
8825
8832
8833
8834
8835
8837
8839
8840
8841
8842
8843
8850
8853
8855
8860
8862
8864
8865
8870
8873
8874
8875
8877
8878
8880
8885
8887
8888
8892
8893
8894
8895
8896
8897
8898
8899
8901
8902
8909
8910
8911
8913
8916
8918
8919
8921
8923
8926
8929
8930
8932
8938
8939
8940
8945
8947
8948
8949
8950
8951
8952
8953
8954
8956
8957
8959
8960
8961
8964
8969
8971
8973
8974
8977
8981
8982
8983
8986
8989
8990
8991
8994
8995
8997
8998
9000
9001
9004
9005
9006
9008
9009
9010
9011
9016
9018
9020
9024
9026
9027
9028
9032
9033
9034
9038
9040
9041
9043
9045
9046
9047
9048
9049
9051
9052
9053
9054
9057
9062
9066
9067
9068
9070
9071
9072
9076
9077
9078
9081
9083
9087
9089
9090
9091
9093
9095
9097
9098
9102
9104
9105
9106
9107
9108
9111
9114
9116
9121
9123
9127
9128
9129
9132
9134
9137
9138
9140
9146
9147
9148
9152
9153
9155
9157
9159
9161
9164
9165
9167
9168
9170
9171
9173
9176
9177
9178
9187
9189
9191
9194
9195
9196
9197
9200
9201
9206
9207
9208
9210
9211
9213
9215
9216
9217
9218
9219
9220
9221
9222
9224
9225
9226
9229
9230
9231
9232
9233
9234
9235
9238
9243
9246
9249
9253
9256
9257
9258
9260
9263
9264
9266
9268
9269
9273
9274
9275
9276
9280
9282
9286
9289
9290
9291
9296
9298
9300
9301
9302
9304
9305
9307
9308
9311
9317
9318
9320
9321
9322
9323
9324
9326
9328
9329
9331
9332
9337
9339
9340
9342
9345
9346
9348
9349
9350
9351
9352
9356
9357
9358
9359
9363
9364
9366
9368
9369
9371
9375
9377
9379
9382
9383
9384
9386
9387
9388
9389
9390
9392
9393
9394
9397
9398
9400
9402
9403
9408
9410
9411
9412
9414
9415
9418
9421
9422
9424
9429
9430
9432
9434
9435
9439
9440
9441
9442
9443
9444
9446
9447
9449
9451
9452
9455
9461
9462
9464
9465
9466
9468
9469
9470
9471
9473
9476
9478
9479
9480
9481
9482
9484
9486
9487
9489
9493
9496
9503
9504
9506
9512
9513
9516
9517
9518
9519
9520
9521
9522
9527
9528
9532
9533
9534
9538
9539
9542
9546
9547
9549
9551
9553
9558
9560
9563
9567
9572
9574
9580
9582
9584
9585
9589
9593
9596
9598
9599
9601
9602
9603
9606
9607
9608
9609
9610
9611
9612
9613
9616
9618
9619
9621
9622
9625
9627
9628
9632
9636
9637
9640
9642
9645
9646
9647
9648
9649
9650
9651
9652
9654
9655
9659
9660
9662
9664
9666
9670
9672
9673
9675
9676
9677
9680
9682
9683
9684
9685
9690
9692
9693
9695
9698
9699
9701
9708
9709
9710
9711
9713
9715
9716
9718
9719
9720
9722
9726
9728
9730
9733
9734
9735
9736
9737
9740
9742
9744
9745
9747
9748
9750
9755
9756
9758
9759
9761
9763
9767
9768
9769
9770
9771
9772
9773
9774
9776
9777
9780
9783
9786
9790
9792
9794
9795
9799
9800
9801
9802
9803
9805
9806
9809
9811
9815
9817
9818
9819
9821
9825
9827
9828
9829
9832
9833
9835
9838
9841
9842
9844
9845
9847
9854
9860
9862
9863
9864
9865
9867
9872
9875
9878
9879
9880
9883
9884
9890
9891
9895
9896
9898
9900
9902
9904
9907
9910
9913
9914
9916
9918
9920
9922
9923
9926
9928
9930
9931
9932
9933
9934
9935
9936
9938
9939
9942
9943
9945
9946
9947
9948
9949
9950
9953
9954
9955
9957
9958
9960
9964
9968
9969
9974
9976
9977
9978
9979
9980
9981
9983
9985
9990
9991
9993
9994
9995
9997
9999
