6
7
43
63
75
89
171
209
221
269
286
330
336
368
403
457
459
492
499
501
505
506
562
582
585
586
636
643
683
686
690
710
730
765
773
842
863
888
905
953
982
984
1005
1040
1041
1042
1109
1110
1117
1122
1150
1180
1237
1286
1321
1346
1349
1428
1450
1476
1507
1588
1611
1633
1634
1643
1664
1691
1712
1714
1725
1740
1791
1796
1800
1849
1863
1893
1938
2003
2006
2041
2050
2052
2055
2061
2077
2082
2158
2160
2165
2189
2203
2226
2235
2285
2318
2329
2415
2424
2440
2441
2467
2496
2519
2592
2617
2660
2727
2733
2740
2782
2784
2788
2796
2825
2892
2898
2903
2959
2982
2988
3062
3065
3066
3170
3179
3202
3206
3229
3302
3318
3326
3345
3348
3362
3367
3413
3415
3420
3432
3441
3448
3451
3452
3516
3521
3525
3527
3538
3540
3541
3557
3574
3583
3590
3613
3614
3638
3649
3651
3681
3744
3745
3825
3874
3899
3926
3945
3958
4007
4014
4021
4103
4112
4151
4164
4259
4266
4315
4340
4355
4362
4389
4439
4450
4457
4475
4583
4585
4608
4618
4671
4682
4728
4763
4806
4821
4852
4910
4930
4976
4993
5060
5132
5178
5211
5226
5229
5263
5282
5341
5383
5417
5427
5447
5490
5499
5521
5540
5682
5688
5752
5781
5782
5801
5846
5855
5909
5932
6011
6019
6030
6078
6097
6153
6184
6218
6221
6227
6231
6242
6265
6294
6302
6338
6342
6349
6363
6374
6378
6432
6489
6515
6570
6594
6624
6715
6722
6748
6757
6837
6842
6861
6898
6926
6965
6985
7041
7042
7045
7060
7069
7123
7186
7275
7305
7317
7387
7392
7426
7467
7468
7494
7504
7510
7526
7532
7537
7547
7584
7595
7601
7616
7653
7679
7728
7752
7759
7766
7800
7819
7859
7891
7917
7949
7950
7960
7980
7991
7999
8031
8048
8049
8057
8167
8213
8219
8246
8283
8336
8343
8351
8366
8375
8387
8397
8433
8454
8458
8463
8478
8532
8565
8572
8602
8604
8621
8632
8640
8654
8803
8809
8820
8835
8860
8864
8898
8901
8904
8914
8956
8965
9033
9063
9085
9146
9179
9181
9293
9310
9317
9339
9389
9397
9465
9499
9524
9551
9578
9579
9585
9587
9664
9677
9684
9701
9702
9727
9733
9747
9766
9801
9835
9875
9926
10040
10050
10067
10080
10152
10166
10176
10186
10208
10233
10236
10257
10274
10287
10302
10367
10369
10402
10442
10444
10447
10456
10458
10461
10462
10475
10479
10483
10512
10516
10526
10554
10579
10637
10643
10649
10651
10718
10721
10744
10771
10820
10833
10892
10909
10973
10977
10983
11085
11089
11120
11147
11222
11266
11328
11337
11349
11403
11440
11449
11452
11601
11632
11638
11676
11701
11703
11735
11747
11770
11772
11800
11802
11806
11812
11847
11848
11854
11901
11903
11941
11954
11971
12037
12071
12110
12114
12183
12200
12204
12338
12363
12386
12414
12422
12431
12485
12505
12507
12535
12536
12539
12553
12566
12577
12586
12618
12665
12809
12847
12881
12918
12954
12995
13016
13026
13038
13039
13090
13146
13147
13183
13241
13261
13290
13349
13380
13381
13462
13477
13481
13508
13549
13633
13696
13712
13716
13823
13841
13854
13863
13868
13904
13940
13956
14103
14123
14145
14206
14255
14307
14339
14350
14372
14374
14378
14397
14409
14412
14456
14492
14502
14503
14530
14536
14551
14587
14590
14598
14616
14635
14664
14675
14686
14761
14768
14776
14789
14827
14831
14832
14909
14954
14959
14968
15045
15110
15117
15138
15217
15258
15268
15275
15324
15348
15371
15382
15396
15407
15438
15458
15489
15499
15572
15582
15588
15591
15601
15604
15626
15642
15700
15735
15740
15758
15774
15778
15807
15813
15815
15832
15835
15854
15859
15905
15916
15919
15922
15963
15964
15965
15967
15987
16006
16025
16053
16063
16086
16118
16136
16190
16211
16245
16252
16306
16378
16382
16385
16388
16403
16405
16414
16428
16432
16437
16444
16467
16481
16487
16489
16499
16501
16520
16578
16603
16620
16684
16713
16736
16745
16750
16778
16805
16817
16914
16937
16988
16989
17016
17047
17062
17069
17070
17082
17158
17198
17199
17240
17253
17308
17346
17371
17389
17404
17412
17424
17435
17538
17543
17576
17594
17630
17639
17678
17685
17686
17688
17741
17743
17754
17788
17808
17849
17861
17868
17926
17945
17981
17983
18028
18073
18135
18179
18186
18212
18265
18361
18369
18384
18467
18484
18506
18545
18557
18566
18572
18576
18625
18670
18698
18724
18738
18749
18762
18799
18808
18831
18842
18899
18903
18918
18955
18956
18980
19010
19034
19054
19090
19105
19119
19123
19169
19176
19202
19208
19262
19307
19308
19309
19311
19318
19319
19353
19380
19422
19471
19474
19525
19544
19548
19633
19717
19786
19808
19855
19869
19885
19897
19898
19941
19958
19999
20025
20051
20054
20090
20116
20151
20196
20203
20209
20223
20226
20252
20264
20307
20374
20485
20486
20512
20545
20546
20606
20608
20681
20692
20728
20778
20802
20852
20853
20864
20868
20885
21024
21054
21125
21144
21154
21167
21199
21240
21250
21258
21304
21332
21346
21366
21383
21422
21461
21490
21567
21577
21600
21668
21677
21680
21703
21742
21743
21764
21795
21800
21850
21863
21873
21912
21918
21929
21993
22047
22069
22091
22113
22117
22121
22143
22145
22174
22177
22202
22226
22243
22247
22263
22298
22314
22326
22374
22417
22471
22521
22580
22667
22668
22709
22712
22858
22875
22907
22914
22934
22963
22983
23001
23033
23069
23107
23130
23141
23159
23161
23196
23209
23221
23242
23294
23312
23346
23348
23365
23406
23429
23433
23443
23458
23475
23489
23490
23536
23541
23561
23562
23596
23608
23636
23684
23689
23742
23786
23789
23802
23829
23842
23848
23863
23875
23911
23916
23932
23948
23981
23985
23988
24045
24159
24230
24235
24316
24322
24343
24448
24508
24509
24530
24554
24571
24702
24713
24737
24745
24749
24897
24913
24955
24965
24975
24996
25001
25016
25035
25047
25054
25078
25107
25113
25148
25156
25161
25196
25235
25236
25237
25323
25337
25345
25366
25371
25374
25413
25415
25427
25441
25475
25499
25591
25613
25632
25664
25680
25764
25766
25805
25825
25835
25853
25858
25867
25871
25876
25915
25941
25953
25959
26010
26016
26020
26031
26040
26118
26158
26234
26302
26316
26324
26348
26399
26417
26491
26590
26608
26611
26620
26622
26644
26661
26686
26718
26756
26768
26771
26823
26912
26926
26934
26980
27043
27098
27224
27245
27250
27276
27287
27294
27327
27341
27372
27375
27396
27446
27450
27528
27575
27590
27591
27606
27639
27711
27765
27776
27807
27874
27885
27938
27965
27984
27989
27996
28025
28027
28048
28108
28109
28178
28192
28228
28247
28272
28283
28292
28311
28337
28371
28427
28441
28456
28463
28467
28492
28494
28531
28565
28590
28591
28592
28636
28645
28649
28655
28668
28669
28676
28680
28681
28694
28739
28742
28755
28757
28799
28807
28867
28882
28890
28901
28966
28967
28988
28989
29013
29050
29081
29086
29128
29162
29184
29221
29236
29241
29270
29306
29307
29356
29368
29378
29463
29469
29480
29482
29485
29496
29524
29563
29567
29587
29631
29671
29716
29720
29738
29768
29771
29789
29837
29845
29896
29929
29959
30025
30053
30146
30175
30179
30306
30318
30324
30359
30375
30404
30406
30409
30436
30494
30506
30511
30563
30577
30666
30674
30678
30681
30704
30764
30765
30863
30881
30917
30941
30986
30994
31031
31041
31062
31070
31082
31087
31100
31109
31177
31238
31240
31241
31243
31414
31460
31504
31545
31569
31586
31634
31660
31686
31752
31798
31804
31865
31879
31890
31900
31959
32037
32161
32193
32209
32232
32246
32261
32264
32274
32282
32337
32407
32429
32436
32443
32466
32469
32471
32493
32512
32525
32565
32599
32629
32652
32656
32680
32705
32715
32757
32784
32793
32800
32819
32821
32833
32839
32857
32883
32886
32917
32943
32967
32974
33025
33040
33061
33089
33098
33125
33167
33170
33221
33283
33309
33315
33363
33386
33409
33414
33417
33420
33427
33451
33459
33461
33478
33609
33632
33654
33679
33715
33723
33755
33759
33761
33771
33787
33797
33798
33801
33843
33844
33911
33933
33935
33941
33951
34016
34063
34093
34113
34129
34161
34175
34181
34196
34206
34214
34235
34237
34266
34274
34283
34326
34340
34364
34393
34404
34427
34449
34464
34499
34526
34548
34591
34634
34661
34685
34818
34854
34867
34946
34950
34951
35010
35027
35030
35099
35119
35161
35215
35259
35269
35289
35293
35294
35300
35324
35346
35363
35411
35434
35505
35517
35532
35586
35605
35635
35653
35671
35673
35675
35684
35738
35886
35895
35935
35952
35982
36000
36015
36017
36029
36037
36094
36136
36153
36195
36198
36204
36214
36296
36335
36349
36356
36360
36429
36453
36520
36537
36626
36677
36681
36762
36825
36826
36863
36872
36880
36893
36894
36908
36919
37022
37126
37142
37148
37149
37168
37190
37206
37209
37223
37225
37227
37291
37292
37345
37358
37360
37371
37378
37429
37475
37508
37570
37582
37599
37601
37607
37638
37687
37711
37728
37735
37752
37762
37791
37831
37863
37869
37907
37944
37950
37955
38041
38043
38076
38091
38106
38158
38164
38167
38186
38212
38240
38255
38300
38336
38374
38392
38411
38416
38451
38477
38490
38492
38563
38606
38609
38654
38681
38710
38715
38732
38759
38786
38804
38827
38940
38945
38977
38993
39000
39007
39015
39080
39085
39090
39107
39118
39123
39176
39191
39245
39261
39281
39289
39291
39308
39330
39374
39376
39386
39400
39415
39427
39446
39484
39492
39529
39548
39608
39613
39618
39627
39628
39640
39651
39664
39709
39752
39759
39761
39773
39789
39795
39809
39854
39879
39887
39911
39926
39938
39953
39973
39979
40027
40030
40042
40048
40062
40092
40156
40166
40181
40189
40217
40226
40236
40255
40279
40282
40286
40311
40342
40373
40377
40390
40439
40444
40456
40457
40466
40473
40479
40502
40503
40522
40618
40667
40672
40679
40680
40764
40787
40789
40794
40805
40820
40874
40891
40902
40912
40920
40922
40923
40945
40952
40989
40998
41020
41145
41169
41186
41232
41267
41271
41284
41307
41333
41342
41352
41413
41452
41539
41542
41582
41585
41587
41601
41607
41709
41729
41741
41905
41931
41967
41975
41988
42047
42054
42147
42191
42196
42200
42215
42233
42303
42304
42390
42465
42481
42486
42512
42554
42560
42609
42622
42662
42667
42698
42832
42833
42835
42852
42902
42937
42938
43007
43062
43147
43170
43179
43201
43207
43213
43231
43249
43325
43334
43350
43417
43431
43439
43467
43469
43533
43601
43636
43637
43650
43688
43737
43765
43778
43794
43800
43836
43854
43866
43893
43913
43936
43949
43954
43964
43974
43987
43993
44024
44058
44070
44078
44147
44158
44186
44277
44322
44375
44459
44492
44497
44503
44509
44525
44566
44594
44610
44611
44628
44699
44759
44845
44855
44875
44889
44925
44951
44969
45000
45009
45016
45025
45056
45081
45090
45126
45129
45153
45163
45175
45223
45295
45305
45327
45411
45417
45425
45442
45476
45565
45568
45579
45591
45598
45631
45669
45676
45677
45692
45721
45745
45766
45770
45771
45775
45825
45875
45937
45951
45997
46057
46064
46078
46125
46128
46156
46159
46161
46194
46240
46295
46333
46360
46426
46447
46466
46496
46574
46596
46601
46622
46626
46721
46790
46873
46884
46888
46963
46971
46982
47013
47036
47045
47073
47075
47125
47128
47142
47146
47160
47161
47176
47212
47296
47332
47337
47408
47444
47449
47456
47458
47463
47485
47501
47563
47569
47603
47654
47667
47674
47722
47726
47729
47735
47738
47753
47760
47780
47789
47851
47882
47896
47907
47911
47917
47935
47952
47979
47984
47991
48020
48122
48126
48140
48145
48243
48266
48272
48286
48347
48370
48387
48423
48427
48527
48533
48545
48590
48605
48626
48646
48680
48695
48699
48702
48738
48777
48791
48803
48814
48822
48843
48893
48894
48924
48979
48984
49017
49043
49064
49088
49098
49127
49138
49143
49174
49178
49211
49253
49265
49304
49326
49405
49416
49525
49562
49641
49643
49647
49683
49709
49720
49758
49771
49791
49795
49800
49802
49809
49831
49855
49878
49899
49927
49939
49953
49957
49979
50134
50164
50204
50223
50237
50248
50249
50315
50316
50332
50335
50354
50365
50370
50421
50425
50440
50449
50458
50476
50488
50490
50528
50598
50630
50640
50650
50707
50722
50725
50735
50751
50873
50890
50900
50930
50935
50962
51004
51008
51012
51013
51018
51041
51068
51080
51085
51087
51089
51111
51118
51119
51120
51161
51212
51217
51228
51252
51257
51287
51291
51313
51320
51344
51356
51429
51538
51606
51646
51685
51687
51728
51786
51811
51817
51868
51879
51942
51949
51957
51972
51992
52002
52005
52031
52066
52089
52129
52229
52235
52275
52300
52307
52349
52368
52394
52423
52464
52493
52568
52590
52609
52610
52643
52649
52675
52716
52722
52757
52763
52769
52790
52795
52796
52801
52821
52863
52983
53027
53057
53109
53120
53159
53204
53335
53351
53375
53381
53388
53396
53425
53443
53471
53488
53523
53525
53551
53605
53607
53609
53614
53617
53698
53718
53807
53820
53886
53940
53953
53990
53999
54016
54031
54069
54100
54111
54118
54170
54191
54192
54194
54196
54223
54232
54244
54264
54293
54305
54357
54391
54407
54426
54527
54545
54644
54689
54734
54809
54812
54815
54816
54824
54833
54852
54879
54944
54956
54962
55008
55014
55053
55088
55118
55155
55162
55190
55202
55209
55219
55236
55238
55292
55344
55361
55385
55420
55424
55446
55484
55487
55495
55497
55514
55520
55568
55589
55624
55628
55658
55682
55714
55725
55726
55753
55754
55764
55768
55778
55790
55821
55832
55841
55851
55875
55943
55946
56048
56091
56126
56142
56178
56272
56314
56334
56385
56421
56426
56441
56476
56529
56540
56547
56585
56638
56670
56683
56696
56748
56771
56779
56790
56824
56877
56923
56926
56932
56989
57073
57083
57102
57108
57142
57172
57186
57194
57200
57209
57263
57268
57344
57348
57378
57434
57438
57450
57505
57506
57514
57606
57628
57634
57649
57751
57764
57777
57836
57889
57893
57964
57981
58004
58026
58114
58177
58303
58338
58341
58348
58352
58382
58391
58393
58429
58440
58512
58514
58524
58528
58624
58627
58645
58722
58752
58771
58798
58799
58816
58825
58847
58866
58874
58907
58955
58989
58992
59002
59048
59081
59104
59193
59214
59215
59248
59263
59279
59320
59349
59368
59374
59407
59421
59422
59431
59454
59461
59506
59510
59538
59568
59570
59574
59622
59623
59625
59690
59691
59728
59753
59822
59824
59833
59867
59912
59933
59935
60015
60057
60074
60075
60089
60103
60121
60151
60191
60205
60253
60257
60285
60290
60368
60432
60465
60484
60487
60568
60610
60627
60639
60665
60694
60699
60716
60724
60741
60748
60752
60797
60835
60858
60872
60896
60954
61010
61024
61033
61037
61075
61095
61104
61165
61166
61255
61258
61262
61267
61274
61299
61310
61319
61353
61366
61379
61392
61409
61464
61473
61481
61513
61554
61576
61589
61590
61592
61596
61597
61606
61617
61619
61620
61729
61733
61752
61756
61784
61786
61788
61866
61881
61882
61888
61892
61977
61986
61997
62045
62065
62081
62084
62103
62105
62155
62200
62205
62231
62254
62273
62300
62316
62325
62367
62393
62408
62412
62448
62463
62526
62552
62557
62560
62586
62589
62594
62624
62632
62682
62687
62698
62789
62965
63004
63019
63055
63059
63060
63085
63128
63141
63156
63188
63192
63205
63284
63288
63308
63336
63385
63405
63444
63457
63474
63476
63538
63578
63590
63604
63609
63650
63665
63677
63691
63744
63779
63964
64026
64028
64065
64075
64164
64312
64315
64318
64335
64341
64346
64403
64470
64481
64485
64519
64521
64531
64555
64616
64640
64654
64667
64707
64736
64783
64786
64787
64804
64831
64838
64852
64856
64860
64880
64891
64906
64923
64933
64960
64981
65009
65028
65029
65031
65044
65060
65077
65084
65098
65122
65150
65156
65236
65253
65300
65328
65340
65343
65346
65359
65371
65382
65416
65435
65439
65465
65468
65515
65526
65530
65548
65569
65587
65597
65610
65644
65649
65702
65708
65736
65780
65802
65847
65896
65902
65949
65990
65991
66019
66038
66132
66165
66201
66254
66257
66270
66289
66321
66378
66381
66411
66416
66417
66424
66441
66471
66476
66516
66537
66546
66613
66665
66688
66692
66694
66757
66763
66788
66789
66865
66889
66893
66906
66919
66985
66987
67014
67037
67055
67106
67131
67150
67184
67241
67259
67269
67292
67313
67318
67327
67331
67334
67338
67366
67412
67432
67438
67460
67485
67572
67575
67582
67588
67589
67602
67655
67656
67685
67690
67695
67701
67703
67724
67740
67772
67774
67799
67842
67848
67893
67904
67968
68002
68031
68037
68041
68048
68086
68094
68112
68113
68122
68127
68157
68195
68214
68277
68335
68341
68353
68367
68368
68382
68386
68398
68401
68457
68544
68548
68606
68634
68640
68650
68659
68703
68707
68715
68727
68731
68744
68787
68860
68931
68954
68956
68982
69026
69071
69105
69125
69133
69160
69161
69189
69195
69203
69205
69206
69257
69276
69326
69337
69369
69373
69378
69408
69423
69424
69436
69450
69451
69462
69473
69504
69520
69550
69559
69581
69608
69670
69683
69691
69701
69756
69758
69848
69884
69909
69913
69935
69951
69960
69968
69995
70059
70089
70097
70133
70146
70168
70170
70203
70226
70261
70290
70305
70336
70345
70365
70400
70419
70449
70458
70489
70493
70506
70522
70528
70534
70535
70537
70563
70602
70616
70625
70722
70801
70819
70839
70846
70849
70881
70941
70993
70997
71015
71019
71032
71034
71047
71064
71066
71071
71097
71151
71190
71196
71203
71252
71339
71357
71410
71459
71493
71517
71519
71530
71534
71543
71567
71616
71668
71693
71697
71738
71770
71783
71807
71810
71826
71827
71929
71962
71971
72041
72088
72096
72129
72155
72178
72188
72198
72200
72204
72220
72228
72255
72264
72268
72318
72321
72333
72340
72442
72461
72465
72469
72483
72516
72524
72599
72611
72649
72676
72704
72706
72723
72731
72734
72738
72743
72749
72751
72767
72774
72902
72910
72950
72973
72975
72991
72993
73025
73032
73043
73047
73089
73114
73137
73156
73165
73168
73202
73269
73275
73280
73295
73314
73341
73413
73489
73550
73574
73609
73650
73688
73696
73718
73736
73737
73782
73806
73820
73834
73852
73862
73902
73906
73916
73940
73943
73946
73996
74000
74035
74040
74088
74098
74111
74112
74132
74175
74216
74217
74235
74260
74272
74376
74448
74457
74479
74501
74542
74547
74600
74617
74643
74664
74713
74716
74738
74802
74836
74852
74901
74913
74941
74947
75013
75027
75043
75075
75090
75100
75120
75216
75227
75240
75260
75265
75277
75280
75320
75374
75375
75421
75426
75477
75490
75531
75533
75558
75568
75620
75623
75635
75639
75653
75657
75659
75674
75676
75744
75819
75829
75838
75847
75883
75909
75950
75963
75986
75989
75993
75995
75996
76015
76019
76030
76045
76075
76123
76125
76133
76174
76177
76194
76220
76266
76269
76276
76298
76308
76359
76402
76424
76435
76504
76525
76526
76533
76593
76605
76649
76661
76662
76685
76686
76697
76769
76802
76808
76845
76852
76881
76885
76898
76943
77005
77018
77022
77042
77048
77055
77105
77124
77146
77151
77171
77223
77238
77360
77454
77460
77509
77512
77526
77545
77552
77555
77592
77625
77626
77652
77685
77688
77694
77700
77753
77764
77767
77789
77807
77835
77861
77910
77920
77934
77949
77973
78044
78088
78117
78153
78170
78173
78203
78292
78319
78353
78366
78369
78424
78441
78451
78459
78460
78502
78522
78525
78573
78578
78598
78601
78627
78653
78663
78667
78670
78678
78692
78746
78824
78833
78904
78937
78949
78956
78997
79031
79033
79076
79096
79172
79190
79192
79195
79197
79206
79207
79214
79228
79237
79269
79282
79298
79301
79317
79325
79327
79336
79474
79531
79542
79658
79665
79672
79690
79737
79743
79773
79782
79807
79854
79887
79912
79961
79968
79982
79990
80017
80062
80063
80151
80206
80208
80216
80235
80247
80265
80299
80302
80336
80376
80399
80411
80436
80466
80471
80488
80494
80520
80584
80604
80632
80685
80714
80795
80796
80854
80908
80916
80919
80920
80924
80933
80959
80977
80987
80994
80995
81024
81038
81053
81069
81095
81111
81117
81122
81236
81261
81267
81277
81286
81294
81332
81340
81345
81393
81406
81444
81485
81496
81504
81509
81571
81661
81664
81677
81678
81682
81744
81747
81765
81825
81860
81864
81918
81921
81922
81949
82000
82002
82024
82056
82070
82082
82104
82105
82106
82145
82149
82166
82180
82196
82205
82209
82219
82228
82250
82256
82277
82290
82303
82328
82378
82380
82385
82393
82403
82421
82439
82442
82488
82496
82545
82546
82572
82605
82611
82641
82703
82736
82781
82795
82813
82853
82892
82896
82919
82934
82991
82997
83026
83045
83047
83063
83078
83086
83114
83159
83166
83271
83274
83277
83284
83304
83317
83350
83353
83376
83451
83463
83464
83504
83511
83522
83534
83595
83606
83665
83697
83698
83704
83753
83762
83797
83812
83852
83893
83950
83998
84003
84018
84048
84130
84154
84161
84166
84183
84209
84224
84231
84237
84239
84258
84289
84318
84326
84329
84345
84354
84358
84376
84525
84606
84614
84674
84678
84683
84686
84711
84712
84719
84744
84792
84814
84843
84902
84910
84912
84952
85012
85040
85048
85123
85134
85206
85227
85229
85239
85259
85272
85277
85299
85308
85367
85406
85431
85462
85502
85591
85597
85609
85614
85616
85619
85697
85733
85739
85747
85767
85774
85842
85855
85871
85921
85972
85988
86003
86014
86017
86046
86055
86065
86096
86100
86151
86178
86249
86251
86266
86270
86279
86320
86340
86347
86356
86427
86429
86461
86466
86483
86508
86519
86539
86578
86590
86602
86603
86618
86673
86685
86687
86720
86726
86747
86757
86768
86796
86798
86801
86908
86944
86949
86982
87052
87059
87086
87100
87139
87140
87183
87189
87208
87209
87222
87226
87249
87265
87280
87458
87461
87489
87494
87500
87507
87530
87557
87595
87621
87666
87671
87681
87693
87735
87739
87748
87757
87776
87786
87811
87819
87827
87829
87830
87892
87915
87951
87954
87972
87997
88002
88049
88053
88092
88162
88166
88193
88258
88259
88270
88298
88304
88317
88319
88337
88341
88345
88410
88459
88461
88465
88480
88503
88506
88578
88676
88679
88703
88710
88724
88742
88759
88774
88778
88824
88826
88879
88898
88928
88938
88941
88943
88959
88960
88980
88992
88997
89018
89061
89069
89116
89122
89203
89246
89263
89303
89322
89363
89374
89393
89429
89455
89489
89515
89553
89562
89590
89593
89601
89615
89617
89661
89746
89830
89878
89896
89906
89908
89954
89968
89975
90005
90076
90090
90093
90099
90158
90164
90235
90263
90296
90300
90311
90351
90370
90384
90413
90441
90442
90475
90498
90507
90520
90575
90614
90629
90667
90690
90717
90738
90807
90834
90870
90884
90952
90956
90983
91021
91027
91050
91055
91092
91138
91141
91150
91158
91225
91254
91265
91279
91305
91306
91324
91326
91355
91406
91416
91500
91524
91579
91601
91612
91636
91639
91645
91649
91650
91672
91687
91709
91717
91723
91737
91757
91769
91822
91831
91834
91835
91880
91881
91921
91927
91938
91941
91948
91984
91990
91993
92026
92051
92058
92108
92121
92131
92165
92193
92225
92259
92338
92351
92383
92405
92467
92502
92510
92521
92575
92583
92591
92602
92636
92638
92649
92675
92716
92775
92782
92814
92833
92835
92853
92864
92869
92874
92898
92905
92909
92961
92964
92984
92988
92990
93015
93078
93156
93159
93177
93179
93193
93228
93243
93245
93297
93300
93398
93427
93531
93534
93543
93550
93559
93576
93578
93593
93599
93614
93648
93662
93664
93699
93746
93799
93838
93841
93858
93902
93904
93943
93948
93957
93980
94016
94017
94067
94096
94106
94109
94139
94159
94160
94273
94296
94318
94319
94323
94360
94386
94408
94415
94419
94420
94451
94471
94483
94493
94500
94524
94532
94568
94579
94583
94690
94697
94700
94704
94722
94910
94936
94974
94988
94999
95029
95146
95153
95161
95188
95194
95202
95206
95237
95327
95336
95339
95369
95370
95372
95379
95383
95396
95476
95480
95498
95511
95542
95561
95585
95603
95630
95669
95680
95684
95722
95740
95763
95825
95826
95828
95834
95835
95839
95886
95910
95952
95988
95990
96004
96033
96063
96136
96265
96270
96276
96301
96314
96335
96339
96348
96365
96381
96392
96419
96425
96451
96487
96510
96531
96535
96541
96552
96603
96646
96648
96665
96698
96735
96750
96751
96754
96765
96785
96790
96801
96822
96835
96855
96876
96881
96900
96913
96917
96921
96931
96937
96972
96977
96990
97035
97058
97063
97066
97194
97213
97216
97225
97233
97254
97284
97363
97367
97375
97417
97434
97439
97480
97492
97583
97621
97622
97636
97646
97658
97685
97691
97692
97723
97754
97817
97825
97829
97831
97836
97838
97843
97856
97863
97870
97875
97877
97933
97941
97952
97957
98012
98042
98059
98105
98108
98111
98133
98134
98141
98176
98189
98211
98212
98215
98257
98288
98310
98345
98348
98395
98396
98430
98444
98468
98481
98482
98510
98512
98546
98654
98660
98695
98726
98774
98857
98884
98897
98910
98925
98944
98953
98987
99032
99052
99064
99092
99135
99166
99225
99285
99289
99296
99298
99301
99330
99342
99347
99348
99364
99398
99414
99418
99442
99475
99526
99545
99570
99610
99647
99657
99703
99708
99740
99746
99754
99795
99806
99839
99852
99855
99956
99996
99999
