1
10
14
17
19
24
27
28
29
31
32
33
37
39
40
41
42
43
45
49
52
53
54
62
63
64
69
72
73
74
77
78
82
83
86
88
90
91
93
95
98
99
101
103
105
106
108
109
110
111
114
115
116
118
119
120
124
125
129
135
140
141
142
144
146
153
158
159
160
163
164
166
167
174
176
185
186
187
188
191
192
193
195
196
199
200
201
205
213
216
217
219
220
221
225
226
227
228
230
232
236
237
239
242
247
248
255
256
259
260
262
264
265
268
272
274
281
282
284
288
289
290
294
296
297
300
303
310
311
312
313
319
321
322
324
326
329
331
332
333
334
338
342
343
347
349
357
358
359
364
366
371
374
380
381
390
396
399
403
408
413
418
419
421
423
424
427
429
430
431
432
434
435
437
438
439
440
443
449
451
454
457
460
464
465
466
472
474
479
480
483
484
487
495
505
514
517
520
522
523
525
527
528
529
531
532
535
539
542
546
548
550
553
554
561
565
566
571
575
580
581
582
584
588
589
590
594
595
596
602
609
610
613
614
615
617
618
619
622
624
625
626
627
628
630
631
634
637
638
639
641
644
646
647
653
655
664
666
672
674
675
676
678
680
688
689
690
692
695
698
700
709
711
715
716
718
719
721
723
724
725
728
731
732
734
735
736
737
740
747
752
755
756
758
759
760
764
767
771
773
777
778
784
795
796
801
807
808
809
813
816
817
818
819
820
827
832
833
838
839
843
848
849
860
863
864
867
869
871
872
875
878
881
882
884
885
887
888
889
893
894
895
898
900
904
906
909
912
914
916
917
921
924
926
930
931
932
934
935
937
939
944
946
951
952
954
955
957
959
964
969
972
978
982
983
986
988
991
992
993
996
998
999
1004
1006
1008
1009
1011
1013
1018
1021
1022
1024
1028
1031
1032
1033
1034
1037
1043
1047
1051
1053
1054
1057
1061
1063
1066
1072
1078
1081
1083
1087
1088
1093
1095
1096
1098
1099
1100
1106
1107
1116
1120
1122
1124
1127
1129
1130
1133
1134
1136
1142
1143
1146
1154
1156
1157
1158
1159
1160
1161
1166
1169
1171
1175
1176
1177
1179
1181
1182
1183
1184
1185
1187
1192
1194
1195
1197
1200
1201
1202
1203
1207
1213
1216
1219
1220
1224
1225
1230
1231
1232
1234
1235
1240
1241
1248
1250
1256
1257
1258
1259
1263
1265
1269
1270
1272
1274
1275
1276
1284
1285
1291
1292
1297
1300
1302
1304
1305
1307
1309
1311
1314
1315
1318
1323
1324
1327
1331
1332
1334
1339
1344
1347
1348
1350
1351
1352
1353
1357
1358
1359
1362
1365
1366
1368
1375
1376
1377
1379
1380
1383
1384
1385
1387
1393
1399
1400
1407
1411
1414
1415
1416
1417
1419
1421
1424
1429
1434
1437
1439
1441
1447
1449
1450
1452
1454
1456
1458
1462
1465
1468
1471
1473
1475
1476
1482
1483
1486
1488
1489
1490
1491
1496
1497
1500
1501
1508
1510
1514
1515
1516
1518
1522
1525
1526
1533
1535
1542
1543
1544
1548
1550
1553
1554
1555
1559
1566
1573
1575
1578
1583
1585
1587
1588
1594
1598
1605
1607
1610
1611
1618
1619
1621
1626
1627
1630
1631
1632
1638
1639
1641
1642
1643
1644
1648
1649
1651
1656
1658
1661
1664
1666
1668
1669
1670
1673
1674
1676
1678
1680
1681
1682
1683
1684
1685
1687
1691
1695
1696
1698
1699
1700
1703
1705
1706
1707
1710
1711
1713
1715
1723
1725
1727
1728
1729
1730
1731
1733
1741
1742
1745
1747
1748
1750
1753
1759
1760
1761
1762
1765
1767
1768
1772
1774
1775
1778
1779
1780
1781
1782
1784
1787
1796
1798
1801
1803
1805
1808
1812
1814
1816
1817
1819
1820
1823
1825
1832
1835
1836
1839
1841
1846
1850
1853
1854
1859
1860
1861
1865
1867
1868
1870
1872
1873
1874
1876
1877
1881
1882
1884
1886
1889
1891
1892
1893
1897
1900
1901
1905
1910
1911
1912
1913
1915
1917
1918
1921
1923
1926
1927
1931
1936
1937
1938
1940
1941
1942
1943
1944
1946
1947
1948
1949
1951
1953
1955
1959
1963
1964
1965
1967
1968
1973
1974
1976
1977
1983
1984
1985
1986
1987
1988
1991
1993
1994
1999
2000
2003
2005
2006
2013
2014
2017
2019
2020
2023
2024
2026
2027
2028
2031
2032
2033
2034
2038
2043
2044
2053
2058
2059
2060
2063
2064
2069
2071
2072
2076
2079
2080
2085
2089
2093
2094
2097
2100
2101
2104
2105
2106
2112
2115
2119
2120
2122
2123
2127
2128
2129
2130
2131
2134
2139
2140
2141
2144
2145
2149
2150
2158
2160
2162
2163
2164
2171
2173
2175
2179
2182
2183
2186
2189
2191
2192
2195
2199
2200
2201
2202
2203
2204
2205
2207
2211
2213
2214
2222
2224
2227
2228
2230
2231
2233
2236
2249
2252
2255
2258
2261
2265
2269
2270
2272
2274
2276
2277
2281
2285
2287
2289
2292
2295
2296
2299
2301
2302
2304
2305
2306
2307
2311
2316
2319
2322
2328
2332
2336
2338
2340
2341
2343
2344
2345
2346
2350
2351
2361
2363
2366
2369
2370
2378
2379
2380
2381
2383
2385
2387
2388
2390
2392
2394
2396
2398
2399
2402
2405
2407
2409
2415
2422
2424
2425
2426
2430
2431
2432
2433
2434
2440
2444
2445
2450
2451
2452
2454
2455
2457
2464
2465
2472
2474
2477
2479
2482
2483
2484
2485
2490
2491
2496
2498
2508
2509
2510
2511
2512
2515
2516
2517
2518
2519
2520
2522
2523
2524
2526
2527
2528
2530
2533
2538
2539
2541
2543
2545
2546
2547
2549
2550
2555
2556
2557
2561
2562
2563
2565
2566
2568
2569
2577
2582
2587
2596
2597
2600
2603
2604
2605
2607
2608
2609
2612
2614
2615
2617
2625
2626
2627
2629
2630
2631
2634
2636
2643
2644
2645
2648
2652
2653
2655
2656
2657
2659
2661
2662
2667
2668
2677
2678
2680
2681
2684
2685
2687
2692
2693
2695
2696
2697
2699
2701
2707
2709
2710
2717
2719
2731
2732
2733
2736
2737
2743
2744
2745
2753
2754
2755
2762
2763
2771
2773
2774
2776
2777
2784
2789
2790
2791
2794
2795
2799
2800
2802
2803
2806
2813
2817
2818
2823
2824
2825
2828
2829
2831
2832
2845
2847
2848
2852
2854
2858
2859
2860
2862
2864
2865
2868
2870
2871
2877
2880
2883
2887
2890
2893
2894
2895
2897
2898
2899
2900
2901
2905
2911
2917
2918
2919
2923
2924
2926
2928
2930
2931
2934
2937
2940
2941
2942
2944
2947
2948
2952
2953
2954
2965
2967
2971
2974
2977
2978
2980
2981
2986
2988
2990
2994
2995
2996
2997
3004
3007
3014
3015
3016
3017
3020
3025
3028
3030
3032
3033
3034
3036
3037
3040
3041
3042
3043
3046
3047
3050
3051
3056
3057
3058
3064
3065
3071
3073
3075
3076
3078
3079
3081
3085
3087
3090
3094
3095
3097
3098
3099
3100
3102
3103
3105
3112
3115
3121
3122
3123
3124
3127
3129
3131
3136
3138
3139
3141
3142
3150
3152
3153
3154
3158
3159
3160
3162
3166
3168
3174
3177
3181
3184
3189
3190
3191
3192
3193
3196
3198
3200
3201
3203
3204
3205
3206
3207
3208
3209
3210
3211
3213
3221
3222
3224
3225
3228
3237
3238
3240
3241
3244
3245
3246
3247
3249
3254
3258
3259
3261
3263
3264
3265
3268
3271
3273
3274
3280
3282
3286
3293
3294
3296
3297
3302
3303
3304
3305
3307
3308
3312
3319
3321
3323
3329
3330
3331
3332
3334
3340
3341
3343
3345
3350
3353
3354
3357
3360
3361
3366
3367
3368
3369
3372
3376
3378
3380
3381
3382
3384
3386
3388
3391
3392
3393
3398
3400
3405
3409
3410
3412
3416
3418
3419
3421
3424
3425
3429
3432
3433
3441
3443
3445
3446
3448
3450
3451
3454
3455
3458
3460
3461
3466
3467
3468
3471
3473
3474
3477
3480
3481
3484
3485
3486
3487
3493
3496
3497
3498
3499
3500
3501
3502
3504
3507
3508
3510
3516
3519
3524
3527
3528
3529
3541
3543
3547
3548
3555
3558
3560
3563
3566
3567
3568
3569
3570
3571
3575
3576
3579
3583
3588
3591
3596
3598
3600
3601
3602
3604
3610
3611
3612
3616
3617
3620
3621
3623
3626
3628
3630
3632
3633
3636
3637
3639
3641
3645
3646
3647
3648
3650
3651
3652
3655
3656
3657
3659
3660
3662
3665
3668
3669
3671
3672
3673
3674
3677
3681
3682
3685
3688
3690
3694
3695
3698
3699
3702
3711
3712
3714
3715
3716
3718
3719
3721
3722
3725
3729
3731
3734
3736
3740
3741
3742
3743
3745
3746
3749
3750
3752
3757
3758
3766
3773
3779
3783
3789
3791
3792
3798
3801
3802
3804
3806
3811
3812
3819
3824
3826
3831
3832
3834
3835
3839
3840
3841
3843
3846
3852
3854
3859
3860
3861
3863
3864
3869
3875
3876
3878
3881
3883
3884
3888
3895
3896
3902
3905
3909
3910
3911
3912
3913
3914
3916
3918
3923
3925
3927
3929
3931
3933
3936
3937
3940
3945
3946
3949
3951
3952
3954
3956
3957
3959
3970
3971
3972
3975
3977
3981
3982
3983
3984
3989
3999
4001
4003
4004
4005
4008
4010
4011
4014
4015
4021
4022
4024
4032
4041
4042
4044
4045
4047
4048
4049
4050
4052
4056
4058
4059
4061
4062
4064
4066
4067
4069
4070
4075
4079
4081
4082
4084
4087
4088
4089
4091
4094
4097
4099
4100
4105
4107
4108
4110
4112
4113
4114
4115
4118
4119
4120
4122
4124
4125
4126
4128
4129
4131
4135
4136
4138
4145
4147
4148
4152
4155
4157
4159
4160
4163
4166
4167
4169
4170
4171
4174
4176
4177
4183
4186
4187
4188
4189
4190
4194
4196
4197
4200
4208
4210
4211
4212
4213
4218
4220
4221
4222
4223
4227
4233
4234
4240
4244
4248
4250
4252
4253
4254
4255
4264
4265
4267
4268
4270
4271
4275
4276
4277
4283
4288
4291
4292
4293
4294
4297
4301
4303
4304
4311
4314
4315
4317
4319
4324
4325
4327
4330
4334
4336
4341
4344
4350
4353
4355
4356
4361
4367
4368
4369
4372
4374
4376
4377
4378
4379
4380
4381
4383
4384
4385
4387
4388
4389
4390
4395
4397
4404
4405
4407
4409
4410
4412
4414
4415
4416
4422
4423
4427
4429
4433
4437
4443
4446
4447
4448
4449
4451
4452
4453
4455
4460
4467
4471
4475
4477
4481
4482
4488
4489
4492
4498
4499
4500
4501
4507
4508
4510
4511
4512
4513
4514
4525
4527
4530
4535
4541
4543
4546
4549
4552
4556
4558
4560
4562
4563
4567
4574
4575
4578
4579
4580
4583
4585
4587
4591
4598
4599
4603
4605
4608
4610
4614
4616
4617
4619
4620
4622
4628
4634
4635
4637
4643
4644
4646
4649
4650
4655
4659
4662
4665
4667
4669
4672
4673
4674
4681
4687
4688
4690
4691
4693
4695
4698
4699
4700
4701
4709
4715
4716
4718
4719
4721
4724
4726
4727
4728
4730
4732
4733
4734
4739
4741
4744
4749
4750
4752
4753
4755
4757
4758
4760
4764
4769
4770
4775
4776
4780
4783
4784
4785
4789
4791
4794
4796
4801
4803
4806
4809
4810
4815
4818
4819
4820
4821
4822
4827
4828
4829
4830
4833
4836
4837
4840
4841
4842
4844
4846
4850
4853
4856
4857
4859
4860
4861
4863
4864
4867
4869
4871
4874
4879
4881
4882
4883
4885
4898
4903
4904
4908
4910
4911
4914
4916
4920
4922
4923
4924
4931
4935
4939
4943
4944
4953
4955
4956
4961
4963
4968
4969
4971
4975
4977
4982
4983
4984
4986
4989
4993
4995
5000
5001
5004
5007
5008
5009
5012
5015
5019
5021
5023
5025
5027
5028
5031
5036
5037
5040
5041
5042
5043
5048
5060
5065
5068
5070
5071
5073
5076
5080
5081
5082
5092
5093
5094
5104
5105
5106
5108
5109
5112
5114
5126
5127
5135
5138
5141
5142
5145
5146
5147
5151
5157
5158
5159
5161
5162
5163
5164
5167
5168
5171
5177
5179
5180
5183
5193
5195
5200
5204
5205
5206
5211
5212
5213
5215
5216
5217
5220
5221
5225
5227
5228
5229
5230
5232
5233
5235
5237
5238
5239
5242
5243
5246
5247
5249
5250
5257
5259
5263
5264
5265
5268
5269
5272
5274
5276
5280
5283
5285
5286
5287
5291
5294
5296
5297
5298
5300
5301
5304
5305
5306
5307
5310
5312
5315
5316
5317
5318
5320
5321
5322
5324
5325
5326
5327
5328
5331
5332
5333
5334
5338
5339
5341
5342
5344
5355
5356
5357
5361
5363
5365
5366
5367
5369
5370
5371
5373
5375
5384
5387
5391
5393
5395
5396
5400
5401
5402
5403
5404
5406
5408
5410
5417
5419
5421
5423
5426
5428
5429
5430
5432
5439
5440
5441
5444
5446
5452
5459
5460
5461
5462
5465
5469
5472
5473
5476
5478
5484
5491
5493
5496
5504
5505
5508
5510
5511
5518
5519
5520
5521
5523
5527
5529
5531
5533
5543
5550
5552
5553
5554
5555
5561
5564
5566
5567
5569
5570
5571
5575
5576
5577
5578
5580
5584
5587
5588
5591
5595
5597
5598
5599
5603
5610
5617
5619
5624
5625
5632
5638
5641
5643
5644
5646
5647
5655
5657
5659
5660
5666
5667
5670
5673
5675
5676
5677
5678
5687
5696
5702
5705
5706
5707
5708
5709
5711
5713
5717
5718
5721
5725
5726
5727
5728
5729
5734
5736
5739
5748
5749
5754
5756
5757
5758
5760
5766
5767
5769
5772
5774
5776
5777
5778
5780
5783
5784
5786
5793
5795
5797
5799
5801
5805
5812
5813
5817
5818
5820
5824
5825
5827
5828
5829
5833
5836
5844
5846
5847
5849
5852
5853
5855
5856
5858
5860
5862
5865
5866
5867
5875
5878
5880
5882
5886
5889
5890
5897
5902
5903
5906
5909
5912
5913
5916
5918
5919
5922
5923
5924
5928
5930
5933
5938
5939
5942
5944
5948
5955
5963
5964
5967
5975
5976
5978
5980
5981
5982
5985
5986
5989
5990
5991
5996
5999
6000
6007
6010
6014
6015
6016
6020
6022
6024
6026
6027
6031
6034
6037
6038
6039
6040
6041
6042
6043
6049
6052
6053
6055
6056
6057
6060
6064
6066
6067
6068
6069
6071
6075
6076
6077
6081
6083
6085
6087
6089
6093
6094
6096
6100
6101
6104
6105
6106
6108
6110
6111
6113
6114
6116
6117
6122
6126
6127
6129
6134
6136
6137
6138
6139
6141
6143
6145
6147
6156
6157
6159
6162
6163
6169
6171
6172
6175
6176
6177
6180
6181
6182
6185
6192
6195
6196
6197
6198
6199
6200
6204
6206
6207
6208
6211
6213
6215
6218
6222
6224
6226
6227
6228
6230
6232
6234
6235
6239
6241
6246
6248
6249
6250
6252
6261
6263
6265
6266
6270
6272
6276
6280
6282
6283
6289
6295
6297
6300
6301
6302
6304
6305
6306
6310
6311
6312
6313
6314
6317
6319
6321
6322
6325
6330
6331
6332
6336
6337
6338
6339
6342
6348
6349
6350
6352
6356
6362
6363
6364
6366
6369
6370
6374
6375
6376
6378
6382
6384
6386
6388
6389
6392
6394
6395
6396
6397
6398
6399
6400
6403
6405
6407
6408
6412
6413
6414
6416
6417
6419
6420
6422
6424
6425
6427
6433
6442
6443
6444
6446
6448
6450
6454
6456
6458
6459
6461
6462
6467
6468
6469
6470
6471
6477
6480
6481
6482
6483
6484
6488
6490
6495
6497
6499
6510
6512
6515
6517
6523
6524
6526
6527
6532
6533
6535
6537
6540
6547
6548
6549
6550
6551
6558
6559
6561
6565
6568
6571
6572
6573
6576
6580
6583
6586
6587
6588
6590
6593
6598
6602
6603
6605
6607
6609
6610
6611
6612
6613
6614
6616
6617
6618
6620
6622
6623
6624
6629
6631
6644
6653
6657
6659
6660
6661
6663
6664
6667
6670
6671
6673
6675
6681
6684
6685
6688
6692
6694
6701
6702
6706
6708
6713
6714
6716
6717
6719
6720
6721
6726
6728
6730
6731
6732
6733
6734
6736
6739
6743
6747
6749
6750
6751
6752
6754
6755
6756
6759
6760
6762
6763
6764
6765
6770
6772
6778
6779
6786
6787
6788
6789
6790
6793
6794
6799
6802
6803
6805
6807
6808
6815
6818
6821
6822
6823
6824
6829
6834
6835
6838
6839
6844
6845
6849
6850
6851
6852
6854
6858
6859
6861
6862
6863
6865
6867
6869
6871
6872
6875
6878
6884
6889
6891
6892
6893
6895
6898
6899
6902
6905
6907
6909
6912
6917
6920
6922
6925
6927
6928
6929
6930
6931
6933
6943
6946
6948
6949
6952
6955
6956
6957
6959
6965
6970
6972
6974
6975
6980
6984
6988
6989
6990
6991
6993
6994
6995
7000
7003
7005
7006
7009
7013
7016
7018
7020
7023
7025
7027
7032
7034
7035
7036
7037
7038
7039
7042
7044
7046
7051
7052
7055
7062
7064
7065
7070
7072
7077
7078
7087
7088
7090
7093
7094
7096
7098
7099
7102
7106
7111
7114
7117
7118
7122
7125
7126
7128
7130
7132
7133
7137
7138
7142
7143
7144
7150
7152
7153
7154
7156
7158
7159
7160
7162
7163
7168
7169
7171
7174
7175
7177
7179
7180
7185
7188
7191
7195
7198
7199
7200
7201
7205
7206
7207
7209
7212
7213
7218
7219
7221
7226
7227
7228
7231
7233
7236
7242
7244
7247
7248
7249
7250
7251
7252
7253
7254
7258
7262
7267
7270
7271
7277
7278
7279
7283
7293
7295
7297
7299
7301
7302
7303
7305
7306
7308
7309
7314
7315
7318
7319
7322
7332
7335
7338
7340
7343
7346
7348
7349
7350
7353
7354
7356
7357
7358
7359
7367
7371
7372
7373
7375
7381
7389
7400
7402
7405
7407
7409
7411
7415
7419
7420
7422
7424
7425
7426
7429
7430
7431
7432
7434
7436
7438
7443
7446
7449
7450
7451
7457
7458
7462
7468
7470
7471
7472
7476
7483
7484
7491
7493
7494
7501
7502
7503
7504
7506
7507
7508
7510
7511
7513
7515
7517
7520
7522
7524
7531
7533
7534
7535
7537
7539
7541
7543
7546
7549
7550
7553
7554
7561
7564
7568
7570
7573
7574
7577
7583
7585
7586
7587
7588
7589
7591
7592
7593
7594
7599
7600
7602
7606
7607
7609
7610
7611
7616
7618
7619
7620
7621
7622
7626
7628
7629
7632
7636
7640
7641
7644
7645
7648
7649
7653
7655
7656
7657
7660
7661
7662
7663
7664
7665
7667
7668
7669
7672
7673
7674
7675
7677
7679
7680
7681
7686
7689
7694
7697
7698
7701
7702
7705
7710
7712
7713
7717
7718
7719
7720
7723
7724
7728
7729
7731
7732
7733
7735
7737
7740
7741
7743
7746
7747
7748
7750
7752
7755
7757
7761
7766
7772
7775
7777
7783
7786
7790
7798
7799
7800
7802
7805
7812
7813
7831
7832
7833
7834
7835
7836
7838
7839
7840
7842
7844
7849
7853
7854
7858
7860
7862
7863
7864
7867
7871
7872
7874
7875
7880
7884
7885
7888
7889
7890
7891
7893
7898
7902
7904
7910
7913
7920
7921
7922
7923
7927
7931
7932
7933
7935
7941
7946
7948
7949
7953
7955
7956
7957
7964
7966
7967
7970
7971
7972
7974
7975
7977
7981
7982
7984
7985
7986
7987
7988
7991
7993
7995
7997
8001
8002
8005
8006
8007
8008
8011
8016
8018
8020
8022
8023
8025
8026
8028
8031
8032
8037
8043
8044
8047
8048
8049
8051
8056
8057
8060
8061
8073
8079
8083
8084
8095
8096
8098
8100
8104
8111
8113
8114
8117
8121
8122
8127
8130
8131
8136
8139
8141
8145
8148
8150
8159
8160
8163
8168
8171
8172
8173
8175
8176
8179
8180
8184
8186
8190
8192
8194
8200
8202
8209
8212
8215
8220
8225
8228
8229
8232
8234
8235
8236
8237
8238
8240
8241
8244
8245
8248
8250
8252
8253
8256
8259
8265
8266
8267
8268
8269
8270
8273
8274
8275
8282
8286
8289
8291
8292
8294
8297
8298
8300
8301
8305
8307
8308
8310
8312
8315
8316
8318
8321
8322
8323
8324
8325
8330
8332
8334
8336
8340
8350
8353
8354
8357
8367
8369
8372
8373
8379
8382
8383
8384
8387
8389
8391
8396
8397
8400
8409
8410
8411
8412
8416
8417
8419
8420
8422
8423
8425
8429
8435
8439
8440
8444
8448
8449
8454
8456
8458
8463
8464
8465
8466
8467
8469
8470
8471
8474
8475
8479
8481
8484
8486
8487
8489
8490
8491
8492
8493
8494
8497
8501
8502
8503
8505
8506
8508
8509
8510
8512
8516
8517
8525
8526
8528
8532
8533
8536
8537
8538
8540
8542
8543
8551
8557
8563
8565
8566
8569
8572
8573
8574
8576
8578
8580
8581
8588
8591
8597
8598
8600
8601
8603
8607
8609
8611
8614
8617
8618
8622
8627
8631
8633
8636
8642
8648
8650
8651
8656
8657
8658
8661
8664
8665
8670
8672
8674
8680
8683
8684
8685
8689
8691
8692
8693
8697
8698
8700
8701
8708
8709
8710
8712
8716
8717
8723
8724
8726
8727
8728
8729
8733
8736
8737
8739
8740
8741
8744
8747
8748
8749
8750
8751
8753
8754
8758
8760
8766
8767
8777
8778
8781
8783
8786
8788
8792
8793
8797
8808
8810
8811
8812
8813
8815
8816
8820
8821
8822
8823
8831
8833
8834
8836
8839
8844
8845
8846
8848
8851
8853
8854
8855
8856
8859
8862
8864
8865
8866
8869
8871
8875
8877
8878
8883
8890
8891
8892
8896
8897
8901
8906
8908
8910
8911
8918
8919
8920
8922
8924
8928
8930
8932
8933
8934
8935
8936
8937
8939
8940
8941
8943
8947
8950
8951
8954
8955
8957
8961
8962
8963
8966
8967
8974
8981
8982
8984
8985
8987
8989
8991
8993
8995
8998
8999
9008
9010
9012
9013
9024
9026
9028
9032
9033
9034
9041
9043
9044
9046
9047
9051
9052
9059
9060
9061
9065
9067
9068
9070
9071
9073
9074
9075
9076
9077
9078
9079
9081
9083
9085
9091
9094
9097
9101
9103
9104
9106
9111
9115
9116
9121
9125
9129
9130
9132
9133
9136
9142
9143
9144
9150
9151
9152
9155
9159
9160
9161
9162
9163
9165
9167
9171
9175
9176
9177
9181
9185
9187
9189
9190
9193
9195
9196
9199
9202
9204
9205
9206
9207
9208
9209
9210
9211
9212
9220
9222
9223
9228
9229
9230
9232
9235
9236
9239
9241
9244
9245
9248
9251
9253
9254
9255
9256
9258
9260
9261
9262
9263
9264
9266
9267
9270
9271
9272
9273
9275
9276
9279
9283
9285
9289
9293
9294
9300
9301
9304
9309
9310
9311
9312
9313
9321
9322
9324
9327
9328
9329
9330
9331
9333
9334
9335
9337
9338
9343
9346
9347
9349
9355
9357
9358
9366
9368
9369
9371
9372
9373
9376
9381
9383
9385
9386
9387
9390
9393
9395
9399
9401
9405
9407
9413
9414
9415
9420
9421
9422
9423
9425
9426
9427
9430
9431
9434
9436
9437
9438
9440
9442
9443
9450
9452
9462
9470
9474
9477
9484
9485
9486
9490
9493
9496
9497
9498
9500
9502
9506
9507
9508
9509
9514
9515
9516
9522
9524
9527
9528
9529
9530
9533
9534
9537
9539
9540
9543
9545
9552
9553
9555
9556
9558
9568
9573
9576
9577
9580
9583
9586
9590
9592
9593
9594
9596
9600
9601
9602
9604
9605
9607
9608
9610
9618
9622
9625
9627
9628
9630
9636
9637
9640
9652
9653
9654
9655
9657
9658
9659
9663
9665
9669
9670
9671
9674
9679
9682
9683
9687
9689
9690
9692
9693
9694
9696
9697
9701
9705
9706
9707
9710
9711
9713
9715
9719
9726
9727
9731
9734
9738
9740
9744
9745
9748
9754
9755
9757
9759
9761
9763
9764
9769
9772
9776
9778
9779
9780
9782
9785
9789
9790
9792
9795
9797
9799
9801
9802
9806
9809
9810
9814
9815
9817
9819
9820
9824
9826
9828
9834
9835
9838
9839
9840
9841
9844
9845
9846
9848
9852
9854
9863
9864
9866
9867
9869
9870
9871
9872
9873
9874
9876
9877
9883
9885
9891
9892
9894
9895
9899
9900
9904
9907
9913
9915
9917
9925
9930
9933
9934
9937
9941
9944
9948
9949
9950
9953
9954
9956
9957
9960
9966
9967
9969
9972
9973
9976
9979
9980
9984
9991
9992
9994
9995
9996
9998
9999
