4
6
8
11
13
14
17
18
19
23
24
25
28
35
36
39
40
42
45
46
49
57
58
61
63
68
72
84
88
89
94
102
103
108
109
111
112
119
120
121
122
126
130
131
135
137
140
141
143
148
151
152
153
154
160
162
163
164
174
175
188
190
199
206
207
215
216
218
224
229
244
250
251
258
261
268
275
277
279
281
282
283
284
285
286
290
296
297
302
304
305
306
309
311
312
314
318
322
323
324
329
330
331
333
336
339
340
342
343
345
346
349
352
355
362
369
373
374
375
382
383
384
386
391
392
394
396
399
402
403
404
405
407
415
419
420
422
427
435
436
443
445
446
447
453
454
455
457
459
469
470
473
475
479
483
490
494
501
502
503
508
509
512
514
519
520
530
538
539
541
542
544
545
547
548
549
556
565
566
574
578
579
583
585
588
592
594
596
597
599
600
601
619
620
624
627
630
632
637
639
640
641
643
648
649
654
664
669
676
684
687
688
695
700
706
708
710
712
714
723
727
728
730
732
735
739
743
755
762
767
769
773
775
778
781
792
794
795
799
801
802
803
804
805
809
813
818
819
820
821
823
825
830
838
840
848
855
859
861
862
870
872
875
880
884
894
898
900
903
905
906
909
919
921
925
928
931
932
945
951
953
954
974
975
978
980
981
982
985
988
992
994
995
1000
1002
1003
1016
1022
1025
1026
1027
1031
1033
1034
1036
1042
1044
1048
1050
1051
1058
1062
1064
1073
1074
1079
1083
1086
1089
1090
1096
1116
1122
1124
1142
1143
1148
1149
1154
1155
1160
1168
1172
1173
1176
1182
1187
1190
1191
1192
1193
1194
1195
1197
1202
1211
1215
1221
1223
1224
1225
1227
1230
1233
1235
1239
1240
1241
1244
1245
1249
1251
1254
1259
1261
1269
1274
1278
1279
1282
1290
1297
1300
1304
1309
1311
1319
1324
1333
1338
1339
1340
1341
1343
1344
1348
1356
1358
1359
1364
1369
1373
1374
1376
1377
1378
1384
1389
1400
1401
1403
1406
1410
1411
1415
1416
1419
1420
1422
1424
1426
1429
1431
1432
1434
1435
1436
1437
1440
1441
1446
1451
1454
1455
1456
1462
1463
1465
1474
1480
1486
1487
1493
1497
1498
1499
1500
1502
1503
1507
1512
1513
1514
1519
1521
1523
1527
1528
1534
1541
1547
1548
1556
1558
1560
1561
1564
1565
1569
1571
1572
1575
1577
1578
1579
1581
1582
1586
1592
1593
1596
1597
1598
1602
1609
1618
1619
1621
1622
1625
1626
1628
1629
1630
1631
1640
1642
1652
1655
1659
1666
1668
1669
1675
1680
1681
1683
1689
1691
1694
1697
1701
1702
1704
1705
1707
1708
1710
1711
1714
1718
1720
1725
1727
1728
1730
1734
1736
1737
1738
1741
1744
1750
1757
1762
1763
1765
1769
1771
1780
1786
1787
1789
1792
1793
1798
1800
1803
1806
1807
1810
1811
1812
1819
1820
1821
1824
1825
1827
1830
1831
1840
1847
1851
1852
1854
1858
1860
1862
1865
1866
1869
1875
1877
1880
1886
1890
1894
1898
1904
1908
1911
1914
1915
1923
1932
1937
1939
1940
1942
1944
1945
1949
1950
1952
1965
1966
1969
1975
1981
1988
1993
1995
1996
2004
2005
2006
2007
2009
2011
2012
2015
2020
2021
2024
2033
2040
2041
2045
2056
2057
2058
2064
2069
2073
2075
2079
2087
2091
2093
2095
2100
2102
2104
2109
2110
2111
2116
2121
2123
2132
2135
2137
2140
2144
2146
2147
2149
2151
2155
2159
2160
2164
2165
2166
2171
2174
2176
2190
2193
2196
2198
2200
2205
2208
2209
2211
2213
2215
2218
2220
2223
2226
2231
2232
2235
2236
2237
2240
2243
2248
2249
2254
2260
2261
2264
2267
2280
2285
2288
2289
2294
2296
2297
2298
2299
2301
2304
2306
2310
2313
2316
2320
2322
2324
2328
2334
2339
2342
2343
2348
2352
2354
2358
2360
2362
2364
2365
2368
2371
2372
2384
2385
2386
2389
2391
2392
2394
2396
2399
2400
2404
2407
2410
2411
2420
2428
2430
2432
2433
2436
2440
2442
2447
2449
2450
2459
2461
2462
2463
2474
2475
2479
2481
2486
2491
2494
2496
2497
2502
2514
2519
2525
2531
2532
2533
2535
2537
2538
2539
2545
2548
2551
2555
2556
2558
2560
2562
2570
2573
2581
2588
2591
2598
2603
2604
2606
2609
2614
2616
2617
2618
2624
2625
2626
2628
2629
2635
2644
2646
2650
2653
2657
2660
2661
2664
2674
2675
2682
2683
2684
2689
2692
2695
2696
2704
2706
2711
2712
2714
2716
2732
2733
2736
2739
2740
2742
2746
2747
2748
2749
2750
2754
2757
2761
2763
2765
2774
2775
2777
2780
2794
2797
2808
2809
2812
2813
2815
2817
2819
2820
2825
2828
2831
2832
2834
2836
2841
2842
2845
2850
2853
2854
2856
2867
2869
2875
2876
2882
2883
2894
2900
2902
2904
2907
2908
2909
2915
2916
2920
2922
2924
2926
2929
2930
2931
2936
2938
2947
2949
2951
2952
2955
2956
2962
2963
2964
2967
2969
2971
2973
2975
2976
2979
2981
2984
2988
2989
2993
2996
2997
2998
3007
3008
3014
3016
3017
3020
3029
3033
3034
3035
3036
3046
3048
3049
3050
3052
3056
3069
3070
3071
3073
3076
3077
3079
3080
3083
3088
3091
3102
3109
3111
3113
3114
3116
3118
3119
3123
3124
3130
3138
3144
3157
3164
3165
3172
3174
3181
3186
3190
3191
3194
3195
3200
3201
3209
3211
3215
3216
3218
3221
3225
3227
3228
3230
3231
3232
3234
3241
3243
3251
3253
3264
3266
3271
3275
3276
3279
3280
3284
3285
3289
3296
3304
3306
3308
3317
3318
3321
3325
3327
3329
3331
3332
3334
3336
3341
3346
3348
3357
3359
3360
3367
3368
3370
3374
3376
3380
3382
3389
3391
3397
3398
3403
3405
3408
3409
3410
3411
3413
3414
3416
3417
3420
3428
3430
3434
3435
3438
3440
3444
3445
3451
3452
3453
3454
3455
3456
3457
3460
3464
3467
3471
3476
3478
3482
3486
3492
3499
3500
3502
3504
3507
3511
3512
3514
3516
3521
3523
3530
3533
3534
3543
3546
3547
3548
3553
3555
3557
3563
3564
3565
3573
3574
3576
3577
3579
3581
3583
3588
3589
3591
3593
3598
3599
3602
3604
3609
3617
3633
3636
3637
3638
3642
3644
3645
3646
3649
3654
3655
3665
3670
3674
3676
3678
3679
3680
3685
3689
3693
3697
3699
3703
3706
3708
3709
3713
3722
3725
3726
3728
3729
3730
3731
3734
3735
3740
3741
3743
3748
3750
3753
3756
3757
3762
3767
3769
3770
3771
3772
3773
3774
3776
3782
3784
3792
3799
3802
3809
3810
3812
3817
3818
3819
3821
3822
3823
3825
3830
3831
3840
3849
3850
3854
3861
3868
3877
3879
3881
3884
3890
3891
3896
3900
3903
3905
3906
3910
3914
3917
3922
3930
3932
3934
3941
3944
3945
3952
3955
3961
3964
3966
3967
3969
3971
3975
3979
3982
3983
3985
3990
3993
3994
3996
3998
4003
4010
4014
4015
4016
4017
4021
4026
4034
4035
4044
4054
4055
4058
4059
4060
4061
4063
4065
4069
4070
4072
4073
4076
4082
4086
4087
4092
4096
4106
4111
4117
4119
4121
4122
4124
4132
4133
4136
4142
4144
4146
4149
4150
4151
4153
4155
4156
4160
4164
4165
4166
4167
4172
4173
4185
4187
4189
4192
4197
4199
4200
4202
4205
4207
4211
4212
4215
4216
4220
4223
4225
4227
4229
4234
4238
4247
4251
4256
4257
4260
4263
4269
4275
4278
4279
4280
4281
4283
4287
4289
4290
4291
4293
4294
4304
4306
4308
4312
4313
4318
4323
4332
4333
4335
4341
4349
4354
4356
4361
4363
4365
4366
4372
4374
4376
4380
4381
4387
4390
4396
4399
4403
4407
4409
4410
4412
4419
4420
4421
4424
4425
4426
4428
4429
4430
4434
4437
4438
4444
4449
4450
4457
4458
4459
4462
4463
4465
4466
4468
4469
4470
4471
4473
4474
4477
4482
4483
4484
4485
4487
4494
4497
4502
4506
4507
4510
4512
4522
4524
4525
4528
4529
4532
4540
4544
4546
4549
4551
4553
4570
4572
4576
4577
4580
4582
4587
4589
4595
4596
4600
4604
4608
4618
4622
4635
4637
4638
4640
4645
4646
4651
4652
4656
4659
4661
4663
4664
4665
4669
4670
4672
4677
4678
4681
4682
4683
4685
4694
4697
4698
4704
4706
4719
4720
4721
4724
4726
4727
4732
4737
4738
4743
4744
4747
4749
4760
4763
4765
4767
4768
4770
4772
4777
4778
4779
4784
4785
4789
4790
4793
4794
4795
4798
4801
4804
4808
4814
4821
4822
4824
4826
4827
4831
4832
4833
4837
4838
4839
4846
4848
4849
4856
4857
4859
4863
4864
4872
4878
4880
4883
4886
4889
4893
4895
4896
4898
4903
4905
4907
4911
4912
4919
4924
4929
4930
4937
4939
4946
4952
4955
4963
4966
4969
4971
4972
4974
4983
4987
4989
4994
4999
5002
5005
5011
5014
5015
5016
5017
5019
5023
5024
5026
5030
5032
5034
5035
5039
5040
5043
5044
5045
5048
5050
5058
5059
5062
5063
5070
5074
5079
5085
5086
5092
5095
5100
5101
5102
5103
5104
5108
5110
5113
5122
5125
5128
5129
5132
5133
5144
5148
5150
5151
5154
5164
5168
5171
5172
5174
5175
5179
5180
5181
5184
5187
5191
5203
5208
5211
5213
5215
5217
5221
5222
5223
5230
5231
5238
5253
5257
5260
5261
5263
5266
5268
5270
5272
5281
5284
5286
5291
5292
5293
5298
5301
5303
5304
5307
5310
5313
5315
5318
5319
5324
5329
5331
5332
5333
5334
5335
5338
5342
5344
5346
5349
5355
5358
5359
5360
5362
5364
5365
5366
5374
5383
5385
5389
5390
5391
5394
5396
5397
5399
5400
5405
5406
5412
5415
5416
5418
5426
5427
5435
5441
5442
5447
5457
5459
5460
5463
5469
5471
5474
5475
5478
5479
5482
5485
5487
5488
5489
5494
5495
5497
5499
5504
5506
5511
5512
5514
5521
5524
5525
5528
5531
5534
5535
5536
5537
5540
5542
5548
5551
5554
5556
5561
5567
5572
5576
5579
5580
5584
5587
5588
5593
5594
5595
5596
5604
5611
5613
5614
5617
5619
5624
5632
5638
5647
5648
5655
5656
5664
5668
5672
5673
5675
5678
5681
5686
5687
5688
5696
5703
5705
5708
5720
5721
5731
5732
5734
5736
5737
5739
5741
5744
5747
5753
5757
5758
5761
5762
5764
5770
5774
5780
5784
5792
5793
5795
5796
5798
5804
5807
5821
5824
5825
5827
5828
5831
5832
5833
5834
5841
5844
5850
5851
5859
5861
5864
5868
5869
5871
5872
5875
5883
5884
5885
5886
5889
5890
5894
5895
5899
5901
5904
5910
5912
5917
5923
5929
5930
5933
5935
5938
5940
5941
5943
5945
5946
5951
5953
5960
5961
5963
5965
5974
5983
5984
5987
5988
5989
5994
5999
6001
6002
6003
6005
6007
6009
6010
6012
6015
6021
6023
6024
6028
6029
6042
6043
6045
6046
6051
6052
6057
6061
6066
6069
6081
6083
6086
6088
6092
6104
6116
6117
6120
6124
6132
6133
6135
6140
6142
6143
6144
6146
6147
6148
6149
6151
6154
6155
6162
6163
6164
6170
6178
6181
6190
6197
6199
6200
6202
6206
6207
6210
6211
6212
6218
6219
6222
6229
6231
6232
6235
6237
6246
6249
6252
6255
6257
6259
6264
6268
6269
6283
6286
6287
6288
6290
6295
6296
6297
6298
6299
6302
6305
6306
6307
6308
6312
6315
6316
6319
6326
6330
6334
6340
6341
6342
6345
6347
6354
6358
6360
6362
6363
6366
6367
6375
6383
6388
6392
6393
6400
6402
6407
6409
6411
6413
6414
6416
6420
6422
6429
6431
6435
6440
6443
6444
6449
6450
6463
6465
6468
6469
6470
6472
6477
6481
6482
6485
6486
6489
6494
6497
6498
6499
6500
6506
6513
6514
6515
6522
6524
6525
6529
6531
6544
6546
6552
6558
6559
6560
6566
6570
6571
6573
6578
6581
6588
6593
6597
6606
6609
6623
6630
6634
6637
6639
6645
6651
6652
6653
6662
6665
6666
6668
6670
6671
6673
6674
6677
6686
6687
6689
6701
6703
6707
6710
6712
6713
6715
6728
6729
6735
6741
6742
6744
6745
6746
6748
6749
6754
6757
6758
6760
6761
6765
6768
6774
6776
6779
6782
6786
6792
6794
6795
6803
6807
6811
6813
6814
6818
6820
6822
6828
6832
6834
6835
6836
6837
6842
6850
6857
6859
6861
6869
6873
6876
6878
6880
6889
6892
6893
6894
6896
6898
6902
6904
6905
6917
6918
6919
6925
6926
6927
6931
6932
6934
6936
6938
6942
6944
6949
6951
6964
6967
6971
6974
6976
6977
6978
6985
6989
6993
6997
7001
7003
7005
7006
7008
7011
7012
7015
7018
7022
7026
7038
7041
7044
7045
7047
7050
7055
7057
7061
7062
7063
7064
7066
7071
7077
7082
7085
7088
7091
7096
7101
7110
7112
7117
7121
7127
7131
7132
7133
7138
7144
7152
7153
7155
7157
7158
7159
7164
7166
7167
7169
7173
7176
7179
7180
7181
7184
7185
7186
7195
7204
7207
7211
7216
7219
7221
7231
7235
7238
7243
7252
7257
7258
7263
7265
7272
7273
7277
7281
7283
7292
7294
7297
7303
7308
7310
7313
7315
7317
7319
7325
7326
7327
7329
7330
7331
7336
7347
7357
7361
7368
7371
7375
7377
7380
7383
7384
7385
7386
7389
7391
7394
7395
7409
7411
7418
7419
7425
7429
7437
7440
7445
7446
7450
7451
7459
7464
7465
7467
7482
7484
7487
7489
7490
7492
7493
7495
7496
7500
7509
7510
7512
7515
7518
7520
7523
7536
7540
7543
7545
7561
7565
7568
7570
7574
7575
7580
7582
7584
7586
7587
7589
7592
7596
7597
7601
7602
7604
7606
7612
7614
7619
7623
7635
7639
7645
7647
7649
7650
7655
7658
7664
7667
7669
7683
7687
7690
7692
7694
7697
7700
7708
7709
7715
7718
7720
7723
7729
7739
7744
7747
7751
7752
7753
7754
7755
7756
7757
7762
7765
7766
7774
7781
7782
7788
7790
7791
7792
7795
7796
7797
7799
7803
7807
7809
7812
7816
7820
7822
7823
7829
7832
7840
7843
7846
7847
7848
7853
7856
7859
7866
7871
7872
7881
7886
7889
7892
7899
7900
7905
7906
7907
7913
7914
7915
7919
7923
7927
7928
7939
7940
7942
7943
7949
7950
7956
7960
7961
7964
7965
7966
7968
7969
7976
7978
7981
7983
7986
7987
7988
7989
7992
7993
7995
8001
8017
8019
8024
8029
8030
8034
8036
8038
8039
8040
8042
8048
8054
8055
8058
8059
8060
8062
8063
8064
8081
8083
8090
8095
8097
8101
8102
8105
8106
8107
8109
8112
8121
8124
8125
8134
8136
8140
8145
8149
8150
8155
8157
8158
8160
8170
8176
8178
8179
8183
8185
8187
8190
8200
8201
8202
8204
8207
8225
8240
8247
8248
8250
8252
8253
8255
8258
8260
8269
8272
8276
8277
8279
8285
8288
8290
8293
8294
8295
8299
8302
8305
8306
8311
8312
8314
8315
8321
8322
8331
8332
8335
8346
8347
8349
8352
8355
8357
8360
8363
8365
8368
8384
8389
8390
8391
8393
8394
8402
8406
8411
8423
8424
8427
8434
8437
8438
8439
8441
8442
8443
8447
8450
8466
8467
8474
8477
8483
8485
8488
8494
8495
8498
8501
8502
8508
8519
8521
8534
8535
8536
8542
8543
8544
8550
8552
8557
8559
8561
8563
8565
8566
8572
8577
8579
8581
8582
8586
8588
8591
8594
8597
8598
8606
8607
8608
8609
8611
8612
8614
8619
8622
8623
8625
8628
8634
8635
8637
8638
8643
8649
8650
8652
8655
8656
8657
8658
8659
8661
8664
8665
8669
8671
8673
8679
8681
8685
8687
8688
8689
8692
8698
8706
8710
8715
8716
8723
8725
8726
8730
8733
8735
8744
8747
8748
8751
8752
8753
8761
8766
8769
8773
8774
8776
8784
8785
8786
8787
8788
8794
8797
8799
8802
8810
8811
8816
8820
8828
8836
8837
8840
8845
8846
8847
8848
8849
8852
8854
8855
8864
8866
8868
8869
8870
8872
8874
8881
8882
8884
8885
8892
8893
8901
8906
8911
8914
8916
8917
8918
8919
8921
8927
8928
8932
8934
8936
8940
8943
8947
8949
8951
8955
8957
8963
8965
8976
8977
8979
8981
8982
8994
8996
8998
8999
9007
9015
9021
9022
9027
9028
9030
9034
9035
9036
9038
9046
9052
9055
9056
9057
9060
9061
9062
9072
9073
9075
9080
9084
9093
9094
9096
9100
9102
9103
9104
9106
9107
9115
9117
9119
9128
9129
9133
9136
9141
9142
9145
9146
9147
9148
9150
9151
9152
9155
9158
9161
9163
9168
9171
9180
9183
9187
9190
9194
9198
9200
9201
9205
9208
9210
9211
9216
9219
9222
9223
9225
9227
9228
9232
9241
9242
9245
9246
9250
9251
9254
9256
9257
9259
9263
9264
9267
9268
9277
9278
9281
9282
9284
9290
9294
9295
9297
9298
9308
9309
9310
9319
9320
9323
9324
9325
9326
9328
9329
9330
9334
9338
9347
9348
9352
9355
9358
9359
9363
9367
9370
9374
9377
9380
9382
9389
9393
9394
9398
9400
9402
9408
9412
9413
9416
9421
9422
9423
9428
9430
9440
9441
9442
9443
9444
9445
9446
9454
9457
9460
9462
9463
9465
9468
9471
9474
9476
9480
9484
9488
9495
9497
9501
9502
9506
9507
9510
9512
9513
9519
9521
9525
9529
9532
9533
9534
9538
9543
9550
9551
9560
9564
9566
9568
9569
9570
9575
9579
9584
9585
9588
9590
9592
9597
9598
9602
9605
9613
9616
9619
9631
9639
9641
9642
9645
9650
9659
9662
9664
9670
9672
9673
9680
9681
9683
9702
9704
9705
9707
9709
9710
9714
9715
9716
9720
9726
9728
9730
9733
9734
9740
9744
9746
9749
9758
9759
9762
9767
9769
9771
9772
9775
9776
9777
9779
9781
9788
9798
9799
9801
9802
9804
9807
9811
9813
9815
9826
9832
9835
9843
9845
9850
9851
9853
9855
9861
9868
9871
9872
9880
9897
9898
9901
9905
9910
9911
9915
9918
9927
9930
9940
9945
9946
9950
9957
9959
9960
9961
9964
9974
9979
9980
9984
9991
9993
9994
9995
