2
27
39
48
82
89
91
100
101
105
138
169
191
200
201
222
231
242
247
248
254
287
289
318
327
336
350
351
355
362
367
372
376
381
392
397
410
427
439
460
479
488
493
510
513
519
537
542
556
578
587
596
606
609
636
639
671
672
679
726
728
738
750
762
787
800
804
807
810
819
839
843
859
869
878
881
890
893
896
919
930
934
935
938
956
960
966
971
973
976
991
1002
1050
1056
1059
1073
1080
1084
1097
1099
1116
1129
1156
1162
1168
1190
1198
1201
1221
1227
1233
1251
1261
1267
1283
1290
1293
1302
1311
1324
1327
1333
1339
1369
1421
1424
1430
1441
1447
1462
1463
1474
1490
1492
1493
1518
1533
1539
1557
1565
1577
1579
1585
1604
1611
1631
1652
1677
1693
1697
1698
1699
1706
1707
1721
1723
1726
1730
1731
1741
1754
1764
1768
1773
1774
1795
1798
1805
1859
1868
1877
1879
1885
1889
1901
1916
1938
1943
1946
1988
2008
2036
2040
2043
2056
2060
2080
2097
2098
2102
2108
2113
2137
2147
2150
2158
2159
2160
2164
2168
2170
2172
2190
2222
2231
2246
2248
2255
2256
2266
2274
2275
2279
2281
2283
2287
2288
2300
2304
2311
2325
2339
2340
2347
2362
2363
2376
2383
2391
2394
2404
2409
2419
2433
2440
2478
2547
2549
2553
2554
2606
2612
2619
2633
2646
2653
2678
2689
2697
2709
2732
2734
2741
2752
2756
2806
2826
2835
2841
2847
2856
2893
2907
2918
2932
2950
2978
2991
2997
2999
3005
3012
3013
3020
3022
3023
3027
3041
3059
3062
3069
3072
3095
3116
3117
3123
3129
3134
3141
3146
3148
3169
3183
3196
3202
3216
3218
3230
3231
3240
3283
3294
3299
3304
3317
3323
3326
3344
3347
3350
3369
3381
3390
3395
3411
3413
3416
3419
3445
3448
3469
3488
3491
3498
3501
3528
3531
3532
3567
3580
3587
3589
3607
3608
3614
3616
3655
3660
3671
3682
3699
3710
3711
3738
3750
3756
3761
3765
3776
3802
3819
3820
3826
3830
3831
3833
3835
3837
3842
3844
3846
3848
3863
3870
3895
3913
3917
3932
3933
3945
3948
3954
3961
3963
3966
3980
3981
3995
4016
4019
4020
4021
4025
4041
4068
4075
4116
4118
4120
4136
4138
4140
4141
4152
4159
4174
4178
4183
4187
4188
4209
4238
4256
4306
4307
4312
4331
4340
4354
4363
4365
4366
4377
4394
4406
4409
4433
4471
4517
4520
4537
4545
4557
4560
4578
4580
4618
4629
4633
4652
4657
4679
4701
4711
4717
4727
4742
4764
4768
4781
4783
4792
4798
4830
4838
4852
4860
4862
4867
4882
4893
4910
4911
4921
4922
4936
4949
4964
4976
4978
4979
4992
4996
5033
5050
5063
5078
5096
5101
5102
5107
5111
5113
5124
5131
5142
5154
5156
5157
5159
5164
5166
5192
5205
5209
5227
5251
5256
5283
5304
5307
5319
5335
5343
5349
5374
5431
5443
5455
5471
5476
5481
5483
5493
5498
5502
5506
5507
5513
5515
5534
5536
5540
5556
5557
5564
5586
5596
5616
5623
5636
5652
5657
5673
5700
5708
5726
5746
5759
5771
5787
5789
5790
5792
5793
5806
5810
5811
5828
5855
5866
5872
5878
5882
5891
5893
5896
5918
5929
5938
5940
5941
5955
5962
5965
5969
5978
5982
5996
6009
6018
6024
6028
6030
6047
6076
6097
6099
6103
6112
6113
6136
6148
6149
6156
6170
6188
6199
6219
6224
6228
6247
6262
6269
6271
6287
6300
6322
6329
6339
6341
6345
6367
6397
6406
6409
6410
6420
6426
6428
6444
6446
6455
6467
6477
6484
6485
6512
6520
6522
6542
6544
6548
6552
6562
6568
6573
6586
6590
6613
6616
6618
6649
6650
6660
6664
6678
6697
6711
6714
6734
6738
6739
6749
6773
6786
6794
6796
6822
6853
6861
6869
6884
6892
6908
6912
6918
6924
6951
6953
6993
7030
7044
7053
7059
7069
7096
7117
7118
7123
7130
7153
7166
7167
7170
7174
7176
7178
7179
7248
7251
7252
7255
7289
7290
7304
7345
7355
7357
7358
7383
7410
7419
7421
7430
7456
7461
7463
7464
7466
7469
7471
7472
7486
7491
7495
7505
7507
7522
7529
7534
7557
7565
7579
7595
7627
7633
7641
7644
7648
7649
7650
7660
7661
7668
7678
7683
7689
7691
7695
7704
7716
7718
7720
7722
7739
7741
7749
7750
7766
7783
7785
7786
7799
7813
7822
7832
7864
7866
7890
7899
7900
7903
7911
7915
7929
7941
7952
7954
7986
7997
7998
7999
8011
8029
8044
8049
8060
8061
8082
8091
8100
8102
8110
8118
8143
8153
8162
8185
8191
8197
8204
8210
8215
8226
8229
8241
8248
8266
8279
8286
8317
8319
8324
8335
8345
8346
8354
8363
8377
8382
8387
8397
8431
8437
8443
8451
8465
8471
8482
8491
8500
8502
8505
8513
8516
8518
8537
8578
8582
8583
8619
8623
8628
8632
8663
8683
8686
8695
8710
8713
8717
8724
8752
8777
8779
8788
8803
8809
8818
8821
8829
8844
8847
8870
8874
8880
8890
8901
8906
8918
8923
8936
8940
8982
8988
9013
9018
9029
9037
9074
9084
9091
9111
9120
9130
9132
9137
9152
9161
9163
9169
9171
9192
9195
9211
9217
9225
9234
9247
9288
9297
9304
9305
9307
9340
9342
9345
9360
9375
9400
9403
9413
9421
9429
9434
9454
9469
9475
9478
9498
9502
9507
9512
9536
9556
9565
9583
9597
9609
9612
9626
9641
9649
9650
9662
9670
9674
9694
9700
9701
9708
9719
9734
9742
9757
9763
9774
9793
9806
9809
9810
9818
9832
9834
9871
9883
9885
9895
9945
9961
9975
9983
9985
9998
10007
10019
10027
10037
10038
10064
10072
10077
10091
10108
10134
10150
10151
10157
10165
10173
10192
10196
10208
10220
10247
10259
10260
10264
10274
10290
10296
10313
10317
10320
10331
10336
10338
10339
10348
10375
10377
10400
10402
10444
10459
10467
10469
10473
10483
10499
10511
10518
10536
10548
10574
10575
10576
10582
10592
10597
10600
10603
10614
10619
10631
10647
10654
10678
10701
10710
10712
10754
10762
10777
10782
10791
10799
10811
10821
10824
10832
10837
10868
10912
10914
10918
10919
10938
10946
10953
10955
10976
10980
10984
11001
11004
11009
11025
11034
11036
11043
11044
11052
11070
11081
11085
11087
11111
11126
11143
11144
11145
11162
11175
11179
11181
11199
11209
11216
11222
11225
11226
11228
11229
11245
11249
11258
11260
11261
11270
11271
11280
11292
11294
11299
11309
11334
11341
11342
11343
11346
11369
11370
11400
11407
11411
11433
11446
11462
11464
11465
11475
11489
11492
11498
11500
11511
11516
11518
11531
11535
11536
11538
11545
11551
11552
11569
11591
11602
11616
11625
11631
11633
11661
11664
11665
11669
11673
11689
11708
11716
11718
11732
11736
11738
11751
11757
11759
11772
11791
11798
11799
11806
11813
11823
11825
11836
11848
11851
11862
11887
11889
11894
11895
11910
11925
11939
11944
11974
11975
11994
11997
12006
12036
12040
12043
12050
12059
12067
12068
12074
12077
12079
12098
12126
12128
12157
12158
12160
12164
12167
12177
12181
12189
12202
12210
12211
12212
12214
12227
12234
12237
12240
12269
12272
12279
12283
12293
12309
12313
12325
12331
12351
12362
12375
12376
12405
12418
12432
12445
12455
12465
12477
12478
12498
12526
12534
12537
12543
12550
12578
12580
12590
12595
12598
12603
12607
12609
12624
12647
12652
12660
12663
12668
12677
12680
12702
12704
12705
12713
12721
12740
12743
12760
12774
12781
12782
12786
12814
12845
12849
12850
12858
12883
12887
12889
12894
12907
12915
12918
12934
12950
12968
12981
12986
12994
13018
13028
13036
13037
13041
13051
13072
13085
13088
13121
13139
13142
13147
13184
13190
13191
13216
13219
13241
13259
13300
13308
13317
13320
13332
13360
13364
13393
13399
13404
13414
13429
13440
13446
13475
13479
13482
13488
13499
13502
13505
13516
13523
13525
13552
13560
13568
13587
13590
13593
13594
13596
13598
13600
13603
13604
13609
13629
13630
13642
13647
13677
13679
13685
13709
13725
13726
13740
13742
13746
13748
13773
13779
13790
13793
13802
13808
13823
13826
13829
13845
13856
13858
13878
13890
13906
13908
13916
13927
13959
13962
13977
13996
14006
14007
14031
14035
14041
14048
14050
14062
14064
14068
14077
14084
14092
14098
14102
14103
14120
14122
14185
14198
14207
14211
14217
14229
14233
14238
14254
14258
14265
14270
14276
14281
14282
14284
14287
14288
14317
14319
14320
14325
14331
14342
14372
14376
14377
14379
14392
14410
14413
14432
14453
14466
14476
14488
14502
14512
14536
14539
14542
14547
14549
14555
14559
14567
14575
14596
14602
14618
14621
14643
14648
14651
14657
14659
14666
14672
14682
14690
14698
14699
14702
14703
14706
14746
14749
14760
14770
14800
14815
14817
14819
14820
14823
14824
14829
14836
14869
14877
14887
14894
14915
14931
14934
14936
14942
14943
14947
14955
14963
14979
14982
14985
14993
14997
14998
14999
15043
15044
15048
15051
15063
15076
15077
15092
15123
15138
15161
15172
15175
15182
15187
15190
15191
15200
15208
15209
15222
15227
15241
15285
15287
15300
15301
15341
15350
15352
15358
15366
15370
15380
15391
15392
15394
15401
15402
15407
15416
15417
15423
15428
15463
15466
15476
15480
15489
15490
15503
15505
15506
15507
15519
15532
15536
15539
15565
15571
15572
15577
15587
15595
15608
15610
15616
15618
15629
15653
15659
15678
15683
15699
15701
15705
15724
15725
15728
15734
15741
15749
15775
15778
15783
15792
15793
15797
15825
15838
15877
15882
15884
15892
15911
15924
15925
15940
15943
15946
15949
15950
15957
15966
15968
15969
15981
16012
16015
16017
16033
16035
16036
16038
16073
16092
16098
16112
16114
16133
16140
16146
16161
16164
16168
16173
16185
16198
16209
16220
16222
16229
16236
16263
16272
16284
16287
16288
16300
16304
16308
16315
16321
16329
16334
16339
16347
16348
16359
16360
16363
16366
16399
16405
16410
16418
16421
16437
16474
16498
16500
16505
16545
16569
16577
16598
16599
16602
16613
16621
16628
16632
16639
16665
16695
16705
16712
16730
16744
16750
16755
16758
16778
16781
16793
16799
16812
16813
16821
16823
16843
16844
16849
16857
16867
16870
16875
16888
16891
16910
16911
16931
16966
16972
17012
17014
17018
17054
17065
17067
17071
17088
17100
17106
17129
17153
17167
17174
17177
17186
17203
17204
17215
17232
17233
17238
17257
17264
17275
17283
17294
17301
17302
17313
17317
17338
17348
17350
17354
17355
17364
17378
17387
17403
17420
17426
17436
17445
17450
17453
17475
17490
17491
17502
17506
17507
17523
17539
17540
17541
17542
17547
17549
17564
17566
17570
17575
17580
17588
17614
17627
17629
17637
17639
17646
17649
17653
17663
17666
17678
17681
17684
17687
17690
17699
17700
17707
17716
17728
17753
17779
17781
17816
17818
17832
17837
17839
17843
17844
17866
17873
17884
17894
17896
17900
17907
17912
17923
17949
17984
18004
18015
18016
18026
18038
18045
18048
18075
18092
18096
18103
18121
18143
18149
18155
18188
18192
18237
18239
18250
18252
18262
18267
18275
18293
18305
18334
18339
18359
18361
18362
18371
18383
18423
18438
18442
18443
18464
18493
18499
18501
18508
18524
18525
18538
18547
18551
18574
18613
18623
18634
18653
18654
18661
18672
18679
18689
18698
18717
18728
18735
18738
18739
18752
18754
18777
18778
18790
18792
18801
18803
18846
18847
18850
18856
18862
18914
18954
18975
18989
19000
19014
19037
19069
19093
19100
19105
19107
19114
19119
19126
19136
19138
19162
19163
19181
19191
19206
19215
19218
19219
19230
19233
19296
19310
19338
19349
19350
19359
19367
19371
19373
19375
19383
19397
19419
19455
19457
19480
19493
19509
19516
19518
19526
19530
19555
19567
19589
19590
19603
19619
19620
19631
19633
19640
19663
19664
19679
19680
19684
19688
19691
19700
19701
19718
19730
19744
19746
19749
19753
19756
19766
19773
19779
19786
19790
19805
19809
19815
19825
19851
19857
19871
19880
19889
19904
19907
19916
19923
19943
19976
19992
19994
20005
20010
20019
20031
20037
20050
20092
20095
20126
20130
20140
20150
20183
20186
20203
20210
20216
20235
20241
20249
20257
20259
20263
20265
20267
20268
20271
20274
20278
20293
20328
20331
20338
20345
20352
20354
20359
20367
20383
20390
20404
20418
20432
20440
20443
20453
20459
20468
20470
20474
20478
20509
20513
20519
20534
20539
20543
20562
20567
20601
20615
20616
20622
20629
20637
20669
20684
20702
20724
20727
20735
20742
20745
20746
20747
20753
20760
20761
20787
20810
20813
20832
20856
20859
20862
20883
20887
20902
20914
20918
20942
20943
20944
20945
20952
20955
20967
20993
21002
21027
21029
21031
21045
21047
21057
21058
21065
21071
21074
21089
21091
21104
21110
21116
21130
21141
21168
21191
21192
21194
21196
21218
21224
21228
21237
21240
21247
21255
21271
21272
21282
21294
21306
21310
21318
21326
21338
21352
21367
21369
21378
21379
21405
21423
21424
21442
21444
21462
21463
21474
21478
21486
21490
21501
21515
21543
21560
21563
21568
21589
21642
21649
21653
21664
21667
21669
21694
21704
21708
21718
21731
21761
21767
21770
21801
21808
21812
21815
21821
21829
21849
21850
21853
21859
21863
21867
21868
21884
21914
21917
21919
21921
21941
21953
21957
21965
21967
22025
22061
22073
22084
22087
22102
22113
22120
22125
22161
22180
22186
22187
22189
22199
22224
22226
22229
22241
22277
22279
22280
22287
22317
22318
22322
22323
22330
22336
22340
22341
22348
22351
22359
22384
22389
22404
22413
22416
22422
22442
22452
22457
22461
22469
22472
22490
22492
22511
22515
22519
22522
22553
22561
22591
22604
22613
22617
22630
22631
22660
22681
22684
22686
22703
22713
22715
22734
22736
22742
22755
22767
22780
22796
22799
22813
22834
22857
22871
22895
22908
22911
22917
22926
22952
22975
22976
23002
23003
23006
23010
23018
23019
23029
23043
23047
23049
23069
23104
23112
23117
23127
23176
23193
23194
23199
23202
23213
23216
23224
23237
23239
23241
23253
23254
23263
23282
23291
23295
23304
23305
23311
23315
23317
23318
23339
23344
23358
23360
23365
23367
23380
23391
23392
23410
23411
23429
23433
23440
23451
23467
23515
23517
23527
23532
23546
23550
23558
23562
23567
23592
23603
23604
23611
23622
23624
23639
23640
23649
23669
23673
23688
23691
23706
23710
23714
23729
23733
23744
23746
23751
23756
23757
23774
23776
23778
23783
23799
23834
23842
23852
23872
23884
23895
23899
23902
23909
23914
23917
23928
23929
23976
23998
24002
24009
24022
24025
24031
24043
24046
24052
24064
24072
24091
24108
24111
24120
24124
24137
24158
24167
24169
24179
24191
24210
24216
24220
24237
24239
24243
24253
24255
24269
24276
24290
24297
24302
24304
24309
24337
24343
24357
24378
24401
24420
24427
24429
24433
24450
24452
24470
24476
24493
24528
24535
24539
24549
24574
24579
24587
24602
24604
24625
24633
24640
24647
24658
24678
24697
24701
24703
24704
24716
24719
24722
24730
24739
24742
24753
24765
24771
24772
24775
24780
24786
24799
24808
24813
24832
24833
24847
24888
24916
24925
24926
24936
24945
24949
24960
24974
24983
25003
25004
25044
25045
25046
25050
25061
25062
25071
25091
25110
25120
25122
25129
25150
25151
25154
25160
25180
25187
25196
25200
25205
25219
25220
25239
25240
25242
25245
25270
25290
25297
25309
25317
25327
25364
25372
25376
25378
25382
25385
25389
25394
25409
25410
25418
25421
25422
25425
25431
25450
25471
25472
25479
25483
25488
25492
25505
25513
25518
25524
25526
25527
25532
25541
25549
25550
25551
25576
25594
25596
25623
25653
25654
25662
25663
25672
25677
25678
25687
25714
25717
25748
25770
25801
25812
25818
25819
25821
25827
25829
25841
25846
25864
25875
25878
25880
25882
25884
25885
25906
25910
25911
25923
25925
25931
25940
25951
25981
25994
26002
26020
26024
26048
26058
26067
26096
26105
26106
26114
26119
26120
26130
26134
26138
26153
26183
26193
26197
26199
26211
26249
26255
26266
26268
26284
26313
26315
26331
26333
26338
26341
26348
26353
26354
26377
26396
26405
26415
26421
26426
26440
26453
26466
26467
26519
26523
26525
26565
26579
26591
26618
26622
26625
26626
26635
26636
26639
26653
26660
26662
26668
26679
26682
26708
26746
26755
26773
26784
26788
26800
26801
26809
26821
26832
26842
26843
26862
26875
26884
26906
26913
26920
26921
26924
26929
26935
26953
26961
26978
26979
26982
26984
27010
27014
27019
27022
27030
27051
27057
27072
27079
27091
27104
27115
27135
27159
27161
27163
27173
27207
27213
27238
27242
27248
27250
27255
27297
27331
27337
27346
27349
27353
27359
27361
27366
27384
27402
27433
27440
27441
27446
27470
27475
27476
27481
27490
27491
27515
27519
27523
27550
27551
27570
27575
27579
27580
27581
27589
27634
27639
27668
27672
27686
27706
27714
27727
27732
27755
27765
27766
27767
27778
27781
27789
27793
27802
27803
27818
27822
27833
27837
27851
27861
27864
27880
27903
27907
27919
27931
27939
27942
27951
27959
27963
28000
28009
28022
28023
28029
28034
28046
28064
28071
28072
28091
28100
28116
28129
28131
28138
28155
28158
28167
28168
28169
28176
28203
28204
28214
28227
28231
28242
28244
28256
28266
28272
28277
28280
28294
28307
28328
28329
28336
28337
28352
28375
28376
28382
28433
28434
28473
28484
28517
28519
28543
28558
28569
28578
28584
28597
28622
28642
28648
28649
28656
28658
28659
28679
28681
28699
28700
28701
28702
28705
28718
28727
28740
28764
28774
28783
28794
28808
28809
28815
28821
28827
28840
28847
28850
28901
28913
28917
28931
28939
28961
28965
28979
28980
28982
29010
29016
29042
29049
29052
29061
29065
29085
29098
29110
29111
29119
29120
29131
29142
29148
29152
29184
29189
29218
29228
29268
29285
29297
29305
29342
29350
29352
29355
29357
29358
29365
29369
29378
29388
29392
29397
29404
29428
29433
29436
29439
29479
29497
29499
29501
29507
29509
29515
29521
29546
29548
29554
29556
29570
29571
29610
29659
29660
29665
29672
29673
29679
29683
29685
29710
29713
29731
29771
29774
29782
29786
29791
29795
29803
29810
29814
29847
29851
29864
29870
29878
29909
29918
29925
29932
29939
29966
29979
29984
29991
30008
30013
30018
30019
30038
30066
30068
30081
30091
30096
30099
30112
30134
30142
30148
30183
30186
30188
30201
30208
30217
30220
30226
30231
30232
30234
30240
30243
30248
30256
30262
30281
30284
30297
30310
30312
30314
30323
30324
30331
30333
30335
30362
30390
30404
30406
30420
30431
30433
30453
30455
30462
30463
30464
30466
30470
30480
30483
30493
30506
30528
30541
30544
30546
30549
30551
30553
30559
30560
30561
30570
30571
30586
30589
30593
30632
30645
30648
30653
30662
30668
30671
30696
30699
30704
30718
30728
30750
30751
30762
30766
30780
30784
30787
30792
30799
30815
30818
30830
30838
30842
30854
30865
30869
30875
30896
30899
30900
30903
30921
30926
30932
30953
30970
31001
31018
31034
31040
31044
31048
31068
31070
31071
31075
31081
31084
31096
31097
31105
31114
31115
31120
31124
31135
31147
31150
31165
31193
31195
31209
31217
31228
31230
31237
31242
31249
31260
31275
31287
31294
31312
31325
31326
31341
31355
31368
31372
31374
31376
31378
31387
31413
31424
31450
31466
31467
31469
31475
31486
31491
31507
31513
31514
31530
31532
31544
31545
31560
31562
31565
31595
31603
31614
31617
31624
31630
31635
31640
31680
31685
31692
31698
31715
31748
31750
31758
31765
31767
31771
31779
31799
31800
31801
31810
31811
31825
31847
31848
31861
31878
31884
31886
31889
31893
31910
31914
31928
31930
31943
31948
31954
31960
31967
31980
31988
32019
32023
32047
32054
32064
32069
32098
32121
32125
32130
32131
32137
32139
32141
32148
32153
32157
32159
32174
32186
32187
32199
32202
32203
32205
32206
32212
32215
32216
32223
32237
32240
32248
32253
32265
32278
32280
32287
32297
32313
32324
32326
32327
32349
32350
32372
32373
32380
32384
32399
32424
32435
32440
32448
32474
32484
32486
32489
32503
32509
32512
32520
32547
32551
32574
32577
32590
32615
32627
32628
32631
32664
32679
32690
32703
32713
32718
32749
32753
32761
32762
32765
32787
32789
32793
32795
32799
32803
32810
32813
32815
32823
32874
32887
32902
32908
32917
32920
32925
32940
32958
32970
32977
32981
32987
32993
32999
33016
33020
33021
33027
33032
33037
33050
33066
33068
33069
33072
33096
33100
33103
33113
33129
33130
33142
33145
33158
33181
33182
33188
33194
33197
33198
33199
33220
33225
33233
33240
33243
33252
33284
33287
33288
33299
33303
33318
33325
33327
33329
33333
33337
33350
33352
33358
33366
33388
33400
33423
33450
33456
33462
33467
33479
33488
33525
33530
33537
33540
33549
33560
33561
33581
33588
33607
33610
33615
33616
33619
33622
33625
33646
33649
33656
33663
33664
33668
33669
33686
33709
33710
33720
33727
33728
33731
33744
33768
33771
33776
33797
33803
33811
33821
33831
33833
33843
33852
33882
33883
33897
33903
33911
33916
33922
33924
33931
33938
33941
33962
33972
33974
33975
33976
33985
33991
33995
34012
34029
34049
34053
34054
34056
34058
34065
34067
34086
34107
34112
34119
34120
34124
34125
34128
34153
34154
34155
34171
34188
34200
34208
34214
34224
34236
34246
34247
34289
34304
34335
34336
34338
34345
34346
34349
34366
34376
34387
34389
34406
34409
34423
34432
34438
34444
34472
34484
34490
34505
34531
34534
34540
34550
34559
34563
34591
34605
34623
34632
34644
34669
34687
34711
34723
34724
34742
34746
34772
34784
34792
34806
34817
34842
34855
34864
34872
34873
34875
34876
34877
34881
34888
34903
34914
34919
34936
34944
34946
34955
34966
34970
34978
34990
34993
35002
35003
35034
35057
35061
35069
35098
35103
35107
35111
35132
35138
35148
35158
35167
35171
35182
35192
35217
35246
35272
35284
35289
35298
35309
35310
35314
35318
35343
35346
35362
35366
35375
35406
35411
35417
35471
35476
35479
35483
35511
35513
35527
35533
35547
35560
35600
35614
35627
35636
35638
35641
35647
35650
35658
35664
35672
35674
35691
35703
35712
35713
35714
35726
35731
35748
35750
35752
35753
35755
35768
35797
35824
35828
35834
35836
35885
35899
35904
35913
35917
35919
35921
35925
35938
35940
35944
35953
35959
35971
35988
36013
36016
36027
36028
36036
36040
36041
36043
36044
36048
36052
36055
36066
36069
36070
36092
36093
36104
36113
36114
36122
36132
36133
36140
36153
36165
36175
36179
36205
36226
36240
36262
36263
36268
36278
36297
36306
36324
36342
36343
36349
36352
36360
36391
36393
36394
36403
36422
36427
36430
36446
36456
36467
36469
36470
36479
36481
36482
36495
36508
36520
36537
36539
36540
36545
36566
36593
36594
36597
36625
36637
36639
36646
36652
36654
36656
36657
36659
36664
36669
36684
36690
36691
36695
36699
36712
36718
36725
36735
36750
36758
36760
36761
36762
36772
36777
36783
36799
36807
36822
36841
36870
36874
36890
36896
36911
36919
36924
36928
36933
36955
36985
36986
36995
36996
37002
37003
37005
37007
37011
37013
37018
37020
37021
37025
37036
37052
37057
37059
37066
37067
37068
37071
37081
37103
37116
37117
37122
37139
37147
37150
37176
37185
37189
37196
37218
37231
37238
37243
37244
37250
37262
37277
37289
37306
37316
37339
37352
37354
37369
37381
37390
37414
37430
37436
37447
37448
37469
37471
37485
37519
37574
37584
37588
37589
37603
37609
37639
37657
37668
37685
37695
37696
37722
37725
37741
37751
37770
37771
37776
37780
37794
37808
37812
37836
37841
37883
37892
37904
37907
37908
37909
37928
37931
37945
37972
37977
37979
37981
37995
37998
38001
38006
38024
38039
38043
38051
38055
38056
38060
38067
38091
38094
38097
38100
38108
38128
38132
38150
38165
38178
38187
38205
38229
38241
38264
38273
38276
38282
38294
38295
38298
38320
38328
38329
38331
38347
38355
38358
38391
38393
38408
38409
38422
38438
38442
38480
38495
38514
38524
38525
38564
38572
38574
38586
38595
38600
38609
38615
38625
38631
38640
38641
38667
38670
38675
38689
38697
38765
38784
38791
38808
38818
38831
38840
38860
38871
38873
38885
38894
38909
38920
38922
38956
38992
39005
39014
39034
39048
39063
39089
39100
39104
39121
39125
39134
39136
39146
39147
39160
39162
39163
39182
39199
39212
39213
39214
39219
39222
39229
39262
39267
39269
39281
39291
39296
39297
39304
39310
39322
39336
39344
39350
39359
39361
39364
39372
39380
39406
39417
39428
39433
39442
39444
39445
39448
39454
39457
39476
39479
39488
39495
39562
39567
39568
39570
39591
39598
39612
39638
39656
39660
39679
39681
39685
39689
39694
39716
39735
39741
39773
39775
39777
39788
39806
39809
39822
39832
39848
39852
39874
39876
39885
39889
39909
39937
39954
39956
39994
39996
40071
40075
40091
40093
40103
40105
40135
40138
40145
40161
40162
40169
40173
40176
40181
40195
40200
40213
40218
40236
40243
40248
40258
40275
40276
40280
40282
40296
40304
40310
40316
40322
40333
40349
40358
40359
40366
40438
40444
40463
40468
40471
40479
40484
40523
40530
40538
40542
40549
40579
40597
40600
40628
40629
40654
40665
40667
40672
40685
40700
40707
40717
40724
40728
40732
40734
40740
40741
40747
40748
40754
40758
40762
40774
40778
40782
40809
40815
40831
40845
40858
40865
40870
40875
40879
40887
40892
40895
40901
40906
40909
40972
40982
40986
41009
41012
41028
41036
41040
41048
41054
41062
41073
41075
41076
41079
41087
41088
41093
41097
41102
41107
41122
41143
41163
41176
41179
41188
41193
41196
41200
41207
41210
41239
41242
41247
41252
41267
41271
41277
41284
41295
41296
41335
41338
41346
41359
41366
41375
41378
41393
41400
41418
41439
41443
41449
41461
41464
41496
41497
41502
41507
41508
41537
41539
41548
41555
41563
41581
41587
41605
41606
41609
41610
41620
41630
41636
41656
41657
41664
41672
41673
41678
41679
41734
41736
41744
41756
41793
41795
41802
41807
41812
41824
41831
41843
41849
41853
41854
41858
41861
41863
41864
41867
41872
41880
41883
41895
41905
41914
41924
41930
41932
41940
41941
41947
41962
41965
41975
41989
42006
42033
42042
42057
42079
42084
42085
42096
42100
42101
42102
42103
42105
42120
42140
42144
42146
42153
42154
42170
42174
42200
42203
42207
42212
42241
42243
42257
42267
42268
42276
42289
42295
42299
42307
42316
42319
42348
42355
42358
42359
42364
42369
42374
42395
42397
42410
42429
42430
42436
42471
42484
42487
42488
42495
42510
42511
42521
42525
42529
42560
42578
42581
42595
42596
42615
42616
42641
42673
42685
42692
42715
42716
42720
42744
42763
42768
42769
42775
42793
42797
42800
42804
42811
42833
42840
42843
42850
42851
42884
42885
42888
42894
42901
42909
42910
42926
42943
42956
42970
42972
42976
42997
43027
43035
43037
43044
43045
43060
43061
43064
43095
43101
43108
43138
43140
43147
43148
43155
43158
43159
43160
43182
43186
43207
43212
43229
43238
43241
43245
43266
43284
43288
43291
43300
43311
43323
43326
43331
43346
43351
43357
43363
43366
43374
43381
43394
43400
43405
43406
43428
43442
43458
43462
43468
43470
43481
43482
43519
43523
43525
43530
43553
43558
43564
43587
43588
43594
43599
43638
43642
43650
43660
43684
43693
43696
43703
43705
43719
43721
43723
43733
43739
43743
43750
43755
43758
43763
43778
43791
43792
43812
43813
43821
43847
43851
43857
43858
43865
43869
43878
43883
43893
43899
43904
43918
43920
43924
43939
43950
43951
43961
43966
43970
43974
43976
43981
43994
44002
44027
44031
44036
44040
44081
44090
44112
44148
44163
44182
44184
44187
44192
44202
44206
44208
44219
44221
44223
44254
44259
44267
44277
44278
44281
44295
44306
44308
44311
44314
44324
44331
44352
44361
44375
44380
44386
44387
44405
44410
44411
44432
44435
44451
44460
44461
44483
44491
44493
44504
44518
44526
44533
44543
44556
44560
44574
44588
44613
44627
44628
44637
44648
44658
44669
44687
44689
44713
44715
44753
44757
44766
44775
44776
44782
44790
44796
44806
44838
44839
44840
44851
44864
44867
44881
44885
44886
44888
44897
44900
44913
44914
44915
44940
44943
44945
44947
44954
44957
44958
44961
44964
44971
44973
44977
44987
44992
44998
45004
45020
45037
45042
45047
45050
45058
45081
45091
45100
45102
45115
45144
45146
45156
45160
45167
45172
45191
45212
45215
45226
45242
45250
45259
45261
45265
45281
45313
45349
45350
45361
45362
45380
45401
45410
45429
45430
45438
45439
45441
45463
45482
45501
45518
45536
45540
45545
45548
45553
45559
45561
45568
45570
45572
45573
45585
45586
45594
45599
45602
45649
45651
45653
45669
45671
45674
45678
45683
45708
45711
45718
45729
45734
45744
45772
45774
45785
45788
45789
45794
45796
45799
45810
45823
45834
45846
45853
45855
45871
45872
45879
45880
45883
45885
45895
45904
45910
45912
45914
45930
45934
45955
45969
45983
45990
45993
46026
46054
46064
46086
46090
46101
46105
46109
46115
46131
46140
46152
46154
46178
46179
46199
46204
46212
46215
46220
46226
46246
46267
46268
46271
46281
46287
46291
46298
46302
46304
46314
46315
46330
46340
46343
46347
46370
46372
46379
46402
46420
46421
46437
46454
46457
46464
46467
46474
46489
46501
46509
46533
46555
46556
46561
46571
46572
46578
46581
46599
46609
46621
46634
46637
46639
46665
46720
46723
46738
46748
46791
46803
46805
46830
46834
46837
46844
46847
46856
46861
46872
46875
46903
46918
46923
46933
46941
46951
46967
46970
47011
47025
47054
47056
47058
47059
47065
47070
47094
47120
47124
47144
47150
47154
47172
47191
47194
47202
47212
47214
47218
47221
47222
47235
47241
47247
47257
47265
47273
47279
47280
47285
47288
47294
47297
47312
47335
47353
47357
47365
47367
47385
47397
47408
47417
47430
47433
47442
47444
47452
47460
47464
47474
47489
47505
47510
47519
47530
47533
47544
47547
47555
47558
47563
47564
47588
47598
47602
47611
47628
47632
47636
47637
47659
47661
47687
47688
47695
47697
47698
47705
47708
47720
47722
47725
47729
47732
47745
47751
47756
47761
47771
47772
47788
47793
47800
47807
47812
47813
47832
47841
47850
47874
47877
47889
47896
47903
47905
47906
47915
47925
47952
47964
47968
47972
47981
47985
48009
48016
48020
48021
48026
48062
48063
48064
48066
48067
48069
48072
48081
48084
48091
48093
48095
48098
48105
48122
48124
48128
48131
48138
48141
48144
48145
48149
48150
48153
48164
48179
48184
48191
48193
48205
48222
48224
48244
48254
48255
48256
48261
48267
48296
48318
48326
48330
48334
48349
48360
48361
48365
48367
48414
48415
48445
48448
48459
48463
48488
48490
48503
48509
48524
48537
48541
48542
48545
48558
48571
48574
48585
48587
48588
48595
48598
48613
48616
48619
48627
48656
48658
48670
48694
48699
48719
48742
48743
48753
48758
48782
48786
48802
48812
48834
48838
48872
48922
48950
48980
48984
48990
48993
49002
49007
49010
49015
49022
49031
49033
49051
49052
49065
49094
49102
49105
49108
49115
49120
49131
49132
49136
49147
49167
49228
49231
49260
49266
49268
49274
49284
49286
49287
49290
49317
49319
49356
49360
49364
49371
49398
49402
49412
49422
49427
49431
49435
49439
49444
49453
49458
49465
49472
49475
49481
49489
49490
49492
49497
49508
49509
49513
49516
49529
49530
49537
49539
49546
49565
49570
49591
49603
49630
49643
49664
49667
49670
49674
49675
49682
49694
49698
49726
49735
49743
49744
49749
49757
49783
49791
49797
49802
49809
49826
49839
49840
49855
49872
49905
49914
49923
49926
49933
49934
49936
49937
49952
49963
49987
50012
50027
50032
50041
50051
50064
50072
50088
50090
50092
50104
50108
50115
50118
50124
50132
50154
50157
50162
50163
50169
50181
50194
50195
50201
50223
50242
50246
50251
50252
50307
50313
50317
50333
50347
50353
50354
50374
50382
50388
50403
50404
50414
50449
50450
50452
50495
50502
50513
50524
50538
50539
50548
50565
50570
50576
50580
50588
50592
50594
50613
50614
50623
50645
50654
50673
50700
50725
50732
50739
50745
50757
50767
50772
50773
50788
50793
50805
50825
50826
50829
50836
50872
50875
50904
50905
50914
50920
50930
50932
50934
50963
50965
50966
50998
51028
51060
51077
51079
51082
51090
51092
51094
51105
51113
51115
51122
51130
51132
51159
51161
51162
51169
51170
51172
51178
51182
51192
51195
51199
51210
51225
51233
51263
51281
51307
51316
51317
51319
51328
51337
51342
51344
51351
51355
51360
51370
51395
51399
51406
51410
51418
51423
51456
51486
51499
51510
51536
51538
51550
51556
51565
51589
51602
51603
51615
51619
51621
51623
51649
51654
51664
51677
51678
51700
51706
51708
51710
51714
51728
51731
51738
51757
51773
51779
51809
51832
51846
51849
51861
51864
51882
51899
51928
51936
51946
51959
51966
51968
51985
51987
52031
52064
52074
52095
52109
52112
52120
52122
52132
52157
52174
52176
52186
52195
52199
52225
52228
52252
52265
52269
52271
52272
52278
52286
52287
52291
52293
52304
52315
52318
52320
52325
52343
52346
52353
52357
52370
52398
52405
52406
52416
52441
52451
52485
52491
52498
52504
52532
52548
52567
52576
52590
52599
52608
52626
52631
52633
52639
52641
52654
52655
52656
52661
52670
52688
52694
52699
52701
52703
52712
52715
52717
52720
52724
52725
52750
52757
52766
52770
52775
52789
52795
52809
52810
52818
52857
52862
52864
52870
52871
52874
52875
52881
52889
52903
52906
52923
52940
52943
52946
52955
52970
52971
52973
52987
52988
52989
52998
53001
53005
53027
53037
53045
53052
53059
53091
53093
53106
53116
53126
53143
53150
53157
53222
53223
53245
53247
53254
53258
53282
53290
53297
53300
53302
53322
53323
53337
53377
53382
53390
53393
53396
53398
53408
53427
53433
53434
53448
53480
53508
53509
53537
53549
53550
53557
53569
53574
53585
53594
53615
53621
53631
53640
53648
53656
53661
53668
53694
53699
53700
53703
53724
53725
53726
53733
53764
53770
53776
53793
53799
53812
53817
53839
53840
53866
53880
53898
53903
53905
53915
53916
53921
53928
53932
53937
53947
53949
53956
53957
53970
53971
53972
53975
53988
53996
53999
54008
54027
54036
54048
54052
54057
54059
54070
54080
54132
54147
54151
54161
54166
54185
54187
54205
54217
54221
54223
54255
54264
54270
54278
54296
54302
54333
54336
54337
54363
54365
54376
54395
54407
54408
54413
54458
54477
54483
54488
54489
54508
54527
54530
54540
54541
54555
54560
54573
54584
54586
54596
54619
54629
54634
54643
54656
54666
54673
54678
54699
54702
54708
54730
54735
54738
54754
54760
54766
54777
54778
54802
54806
54826
54830
54839
54840
54855
54861
54862
54870
54871
54903
54912
54915
54920
54926
54941
54944
54951
54957
54961
54966
54968
54970
54971
54982
55000
55014
55015
55024
55048
55071
55076
55081
55082
55088
55089
55119
55132
55146
55160
55167
55169
55187
55189
55190
55200
55222
55227
55231
55233
55235
55257
55260
55263
55291
55297
55305
55308
55335
55344
55372
55373
55383
55394
55403
55404
55418
55425
55426
55430
55446
55489
55493
55494
55499
55509
55537
55541
55542
55543
55552
55579
55589
55590
55594
55595
55607
55610
55623
55625
55627
55635
55636
55642
55645
55648
55652
55655
55688
55689
55705
55710
55748
55757
55764
55788
55789
55855
55863
55874
55875
55878
55922
55929
55937
55939
55941
55950
55962
55986
55989
55994
55996
55998
56025
56028
56033
56037
56048
56049
56059
56067
56078
56081
56088
56089
56091
56093
56101
56112
56114
56125
56127
56130
56132
56168
56186
56187
56188
56200
56203
56207
56214
56238
56244
56249
56258
56284
56320
56335
56341
56343
56358
56368
56388
56390
56402
56408
56415
56425
56430
56439
56465
56486
56495
56496
56497
56498
56506
56517
56519
56530
56537
56564
56567
56581
56585
56602
56603
56616
56635
56636
56658
56672
56675
56696
56709
56718
56738
56739
56745
56746
56756
56775
56776
56782
56793
56794
56799
56818
56821
56822
56824
56828
56831
56841
56842
56847
56868
56880
56886
56924
56946
56950
56955
56972
56987
57031
57045
57051
57057
57068
57069
57074
57075
57089
57101
57111
57115
57120
57160
57182
57194
57212
57228
57234
57243
57247
57252
57255
57263
57268
57286
57316
57331
57336
57361
57363
57372
57384
57389
57391
57393
57430
57433
57448
57455
57475
57480
57487
57488
57492
57494
57497
57499
57504
57510
57523
57525
57535
57562
57566
57577
57578
57579
57586
57610
57612
57618
57621
57624
57627
57637
57641
57642
57656
57657
57672
57683
57684
57688
57696
57715
57724
57728
57734
57735
57763
57772
57793
57796
57807
57808
57816
57822
57849
57863
57873
57880
57918
57926
57933
57947
57965
57969
57973
57979
57980
58017
58023
58024
58040
58048
58067
58073
58079
58099
58101
58119
58120
58125
58138
58139
58162
58177
58183
58194
58203
58217
58243
58252
58254
58271
58285
58291
58297
58300
58305
58344
58374
58375
58384
58397
58398
58404
58416
58426
58431
58446
58450
58452
58472
58478
58492
58503
58508
58516
58534
58551
58561
58563
58564
58568
58582
58587
58599
58604
58607
58618
58620
58657
58671
58682
58696
58697
58709
58740
58774
58780
58782
58786
58801
58805
58826
58851
58861
58874
58875
58889
58897
58905
58908
58919
58965
58967
59003
59007
59014
59016
59021
59038
59039
59042
59047
59065
59072
59084
59087
59093
59118
59123
59124
59130
59131
59135
59137
59161
59170
59173
59180
59181
59187
59195
59212
59224
59225
59237
59250
59263
59267
59274
59286
59290
59301
59306
59323
59343
59349
59351
59353
59362
59368
59376
59380
59383
59388
59397
59398
59407
59408
59414
59417
59430
59445
59447
59452
59458
59463
59496
59518
59530
59533
59536
59573
59588
59593
59620
59624
59638
59639
59647
59654
59672
59692
59695
59711
59712
59713
59731
59741
59748
59758
59789
59790
59798
59807
59810
59818
59860
59872
59874
59883
59908
59913
59949
59951
59987
59991
59998
60024
60026
60032
60039
60043
60045
60053
60057
60062
60094
60095
60105
60120
60123
60128
60133
60140
60162
60174
60179
60189
60211
60235
60237
60252
60255
60270
60276
60279
60281
60289
60312
60315
60320
60322
60337
60343
60346
60353
60380
60383
60384
60397
60414
60418
60447
60450
60454
60457
60465
60501
60503
60504
60506
60524
60557
60559
60560
60562
60564
60578
60583
60607
60614
60619
60624
60653
60654
60655
60657
60669
60692
60694
60703
60716
60717
60719
60731
60733
60745
60748
60757
60772
60776
60796
60801
60829
60834
60842
60857
60860
60862
60893
60896
60902
60903
60924
60929
60934
60935
60951
60960
60969
60970
61004
61005
61017
61018
61021
61030
61034
61047
61052
61054
61064
61071
61142
61146
61153
61185
61186
61188
61190
61193
61198
61199
61200
61205
61228
61251
61291
61329
61336
61348
61351
61356
61357
61365
61388
61406
61411
61420
61426
61433
61441
61443
61456
61463
61467
61470
61495
61506
61507
61511
61530
61539
61545
61553
61559
61561
61573
61579
61582
61592
61594
61609
61612
61623
61643
61657
61662
61664
61665
61673
61677
61699
61705
61710
61735
61752
61780
61789
61796
61808
61830
61835
61864
61869
61883
61893
61895
61896
61919
61926
61930
61938
61951
61966
61968
61970
61978
61988
62022
62027
62038
62041
62046
62053
62062
62064
62076
62079
62080
62081
62094
62099
62135
62160
62174
62176
62184
62204
62209
62213
62216
62217
62219
62223
62229
62232
62243
62266
62267
62273
62276
62279
62295
62296
62302
62303
62306
62310
62313
62336
62346
62363
62375
62389
62391
62401
62403
62416
62419
62430
62445
62447
62448
62453
62455
62462
62475
62479
62482
62485
62501
62536
62568
62571
62577
62578
62608
62609
62612
62622
62632
62648
62694
62758
62788
62793
62795
62803
62811
62820
62824
62872
62892
62897
62938
62941
62947
62949
62952
62961
62965
62966
62967
62971
62973
62975
63007
63008
63013
63025
63033
63043
63047
63050
63064
63065
63066
63073
63087
63094
63096
63156
63157
63170
63184
63207
63212
63221
63230
63234
63246
63249
63256
63263
63271
63291
63296
63305
63350
63367
63369
63386
63393
63400
63404
63406
63408
63431
63434
63436
63441
63442
63479
63480
63482
63486
63495
63506
63520
63526
63527
63574
63577
63586
63589
63596
63597
63599
63600
63603
63609
63611
63617
63623
63644
63645
63660
63668
63681
63693
63706
63713
63718
63719
63726
63727
63742
63746
63759
63772
63782
63791
63804
63807
63815
63816
63820
63824
63858
63859
63871
63874
63877
63880
63894
63895
63901
63904
63909
63918
63932
63939
63945
63948
63953
63957
63959
63960
63964
63968
63978
63983
63988
64007
64028
64038
64041
64047
64055
64061
64062
64063
64069
64073
64077
64085
64089
64103
64113
64114
64130
64131
64138
64170
64171
64187
64195
64197
64208
64211
64212
64218
64226
64233
64238
64239
64244
64246
64256
64289
64297
64298
64324
64325
64334
64340
64368
64374
64376
64378
64399
64404
64410
64413
64427
64483
64487
64508
64519
64562
64580
64585
64592
64604
64606
64607
64624
64626
64628
64631
64635
64636
64659
64664
64666
64705
64725
64727
64738
64746
64756
64764
64766
64785
64799
64801
64803
64816
64829
64830
64833
64836
64848
64849
64854
64863
64865
64868
64896
64898
64905
64913
64922
64925
64928
64973
64988
64997
65004
65014
65018
65020
65022
65052
65069
65080
65083
65091
65100
65101
65105
65109
65126
65134
65141
65147
65155
65164
65187
65196
65199
65213
65227
65245
65248
65253
65271
65278
65280
65288
65298
65331
65377
65380
65382
65384
65405
65415
65423
65454
65468
65488
65514
65518
65520
65524
65525
65529
65545
65546
65549
65553
65569
65583
65584
65593
65598
65617
65623
65639
65646
65648
65684
65705
65706
65712
65717
65723
65734
65736
65754
65758
65761
65778
65793
65800
65812
65821
65833
65869
65913
65914
65915
65924
65935
65938
65945
65947
65956
65964
65965
65972
65975
65976
65992
65995
66024
66029
66034
66060
66061
66067
66073
66085
66111
66126
66134
66157
66177
66180
66192
66232
66247
66249
66258
66278
66299
66308
66340
66344
66363
66364
66368
66413
66421
66425
66427
66431
66442
66446
66454
66462
66466
66467
66481
66494
66514
66515
66526
66539
66544
66551
66552
66561
66562
66620
66628
66647
66649
66651
66656
66659
66669
66676
66693
66694
66702
66705
66737
66743
66745
66746
66752
66753
66766
66776
66814
66825
66834
66852
66856
66861
66867
66871
66886
66934
66936
66948
66952
66966
66982
66984
66990
66992
66995
67000
67017
67019
67030
67034
67060
67072
67081
67085
67125
67137
67142
67148
67156
67161
67177
67189
67211
67237
67240
67250
67255
67262
67277
67294
67301
67319
67347
67352
67380
67384
67385
67414
67423
67440
67443
67445
67449
67474
67479
67490
67512
67520
67534
67542
67574
67602
67605
67614
67627
67645
67647
67664
67696
67703
67726
67731
67750
67751
67758
67762
67764
67770
67775
67777
67781
67788
67803
67822
67823
67837
67839
67864
67886
67896
67900
67950
67955
67971
67992
68005
68009
68014
68028
68034
68044
68053
68073
68090
68094
68098
68106
68110
68120
68122
68147
68154
68168
68177
68182
68188
68190
68204
68213
68222
68224
68228
68322
68333
68358
68364
68365
68374
68375
68416
68422
68430
68453
68474
68483
68520
68526
68528
68536
68542
68546
68555
68558
68585
68586
68599
68612
68630
68652
68667
68679
68687
68692
68699
68716
68729
68736
68739
68742
68743
68758
68762
68768
68775
68778
68779
68780
68789
68792
68799
68801
68812
68829
68839
68842
68847
68879
68895
68902
68905
68907
68917
68934
68946
68947
68949
68950
68951
68968
68970
68972
68990
68991
69006
69010
69013
69038
69041
69111
69127
69141
69145
69155
69165
69171
69185
69213
69219
69230
69240
69257
69271
69275
69277
69304
69333
69337
69339
69362
69402
69410
69420
69421
69424
69438
69442
69483
69508
69516
69518
69519
69527
69536
69541
69544
69558
69594
69599
69608
69614
69616
69625
69645
69646
69655
69660
69663
69666
69667
69695
69698
69701
69714
69747
69763
69777
69792
69812
69821
69863
69865
69874
69876
69900
69904
69909
69922
69925
69926
69938
69985
69986
69991
70004
70010
70012
70014
70031
70033
70039
70050
70052
70059
70073
70084
70085
70090
70124
70129
70132
70165
70169
70173
70178
70191
70210
70219
70225
70250
70252
70267
70269
70285
70310
70329
70346
70352
70368
70372
70381
70383
70425
70440
70455
70458
70481
70488
70489
70490
70495
70496
70509
70523
70543
70554
70556
70574
70577
70579
70587
70618
70620
70647
70658
70669
70672
70677
70679
70723
70744
70748
70753
70758
70772
70775
70782
70783
70796
70824
70827
70837
70848
70851
70864
70872
70877
70940
70943
70963
70994
71017
71018
71023
71028
71041
71053
71058
71065
71073
71080
71119
71141
71149
71160
71161
71171
71177
71187
71215
71225
71235
71245
71247
71262
71263
71288
71306
71313
71318
71322
71327
71330
71331
71342
71355
71370
71388
71398
71403
71409
71411
71423
71429
71436
71439
71440
71442
71443
71459
71461
71474
71476
71503
71506
71507
71514
71516
71525
71526
71530
71544
71559
71581
71585
71601
71618
71642
71649
71668
71670
71673
71674
71680
71686
71688
71697
71704
71708
71729
71745
71751
71768
71770
71776
71779
71781
71783
71803
71807
71821
71840
71843
71859
71865
71886
71888
71898
71908
71915
71921
71963
72037
72038
72045
72047
72063
72078
72115
72128
72130
72134
72140
72147
72149
72166
72174
72175
72186
72189
72193
72204
72207
72233
72243
72244
72253
72262
72268
72273
72283
72285
72305
72306
72311
72328
72356
72374
72375
72389
72398
72399
72411
72414
72420
72426
72432
72448
72462
72468
72473
72476
72506
72513
72517
72530
72532
72541
72576
72578
72580
72582
72584
72601
72606
72634
72640
72643
72644
72645
72649
72656
72663
72670
72672
72697
72698
72714
72717
72725
72732
72745
72754
72779
72785
72877
72883
72886
72901
72904
72920
72924
72935
72938
72973
72983
72985
72986
72988
73006
73008
73014
73031
73041
73044
73070
73075
73076
73106
73109
73110
73113
73115
73116
73121
73124
73131
73132
73133
73152
73155
73163
73164
73181
73183
73190
73228
73233
73261
73269
73282
73300
73301
73322
73354
73410
73411
73420
73461
73462
73486
73488
73498
73517
73520
73525
73539
73550
73554
73559
73560
73585
73614
73622
73625
73630
73658
73659
73661
73675
73687
73708
73732
73735
73737
73740
73753
73767
73768
73774
73785
73786
73804
73805
73834
73842
73845
73852
73867
73880
73890
73893
73903
73915
73917
73924
73934
73936
73941
73944
73959
73967
73988
74008
74040
74043
74055
74074
74085
74090
74093
74103
74104
74111
74114
74116
74119
74138
74143
74146
74148
74160
74163
74165
74172
74176
74188
74197
74208
74217
74219
74229
74261
74271
74273
74281
74285
74287
74290
74305
74306
74309
74322
74345
74348
74353
74358
74365
74384
74392
74397
74418
74428
74432
74433
74436
74437
74452
74456
74485
74499
74507
74513
74515
74521
74523
74534
74548
74573
74575
74583
74592
74603
74633
74646
74654
74681
74692
74695
74707
74712
74740
74742
74748
74772
74784
74787
74792
74797
74803
74804
74808
74840
74843
74844
74856
74872
74873
74874
74876
74883
74884
74885
74886
74905
74910
74913
74924
74926
74931
74947
74980
74998
75002
75007
75009
75010
75012
75046
75047
75050
75060
75070
75075
75083
75102
75127
75168
75178
75179
75186
75187
75203
75209
75224
75226
75228
75230
75240
75243
75255
75258
75271
75281
75285
75288
75292
75296
75308
75314
75329
75350
75359
75360
75367
75374
75377
75379
75388
75392
75394
75415
75425
75447
75448
75453
75471
75473
75491
75502
75506
75507
75511
75512
75513
75514
75519
75523
75535
75546
75560
75570
75580
75589
75594
75607
75617
75644
75647
75651
75657
75664
75676
75679
75681
75682
75687
75692
75694
75703
75709
75733
75734
75749
75759
75778
75786
75796
75797
75803
75842
75846
75847
75850
75859
75869
75889
75898
75899
75904
75913
75922
75940
75947
75960
75966
75973
75985
76000
76009
76024
76038
76079
76094
76095
76098
76115
76122
76125
76128
76139
76140
76143
76144
76150
76154
76158
76159
76170
76171
76172
76178
76181
76204
76210
76235
76239
76255
76288
76298
76304
76328
76331
76351
76359
76361
76364
76370
76374
76377
76379
76386
76390
76398
76400
76413
76419
76420
76429
76437
76440
76441
76443
76444
76451
76465
76472
76489
76506
76527
76540
76545
76560
76565
76571
76578
76597
76617
76627
76629
76639
76671
76677
76680
76683
76684
76700
76709
76750
76755
76756
76776
76778
76786
76795
76802
76806
76815
76838
76840
76881
76899
76911
76915
76917
76935
76938
76947
76957
76969
76972
76974
76980
76985
77007
77009
77018
77066
77073
77085
77091
77093
77099
77128
77131
77133
77141
77156
77160
77189
77192
77195
77202
77203
77216
77219
77250
77261
77263
77275
77316
77325
77331
77347
77348
77356
77369
77374
77381
77400
77401
77410
77415
77417
77418
77446
77469
77481
77494
77517
77519
77524
77533
77550
77551
77584
77594
77600
77620
77627
77645
77652
77654
77655
77671
77674
77676
77687
77690
77693
77695
77696
77699
77700
77727
77742
77744
77752
77780
77781
77803
77813
77814
77816
77820
77828
77837
77844
77851
77853
77855
77862
77882
77895
77900
77909
77921
77932
77939
77943
77944
77947
77961
77974
77978
77997
78009
78029
78039
78050
78060
78071
78081
78091
78092
78094
78099
78103
78105
78114
78115
78134
78144
78151
78155
78161
78166
78172
78174
78177
78178
78182
78185
78194
78199
78203
78210
78228
78231
78240
78257
78260
78264
78270
78292
78296
78307
78313
78317
78337
78338
78360
78370
78375
78379
78383
78395
78427
78433
78448
78488
78489
78534
78543
78547
78558
78565
78581
78590
78596
78600
78616
78642
78643
78651
78663
78670
78675
78676
78678
78709
78731
78745
78766
78781
78795
78803
78809
78816
78828
78841
78848
78858
78878
78881
78899
78910
78919
78929
78930
78933
78938
78954
78965
78968
78971
78978
78980
78983
78991
78993
78998
79001
79003
79007
79019
79045
79055
79061
79067
79071
79084
79123
79124
79126
79131
79144
79150
79159
79160
79196
79202
79222
79225
79226
79239
79246
79248
79280
79281
79289
79292
79347
79370
79377
79384
79394
79397
79399
79414
79421
79441
79453
79465
79467
79480
79506
79517
79520
79533
79538
79545
79555
79569
79586
79599
79603
79604
79614
79624
79632
79651
79671
79675
79699
79729
79733
79743
79744
79778
79795
79799
79838
79857
79899
79903
79905
79913
79917
79929
79936
79941
79954
79963
79971
79973
79975
79982
80033
80036
80040
80067
80078
80082
80091
80093
80101
80102
80109
80139
80142
80143
80154
80155
80163
80187
80198
80219
80248
80251
80254
80263
80269
80284
80299
80306
80308
80324
80332
80338
80341
80345
80346
80347
80348
80354
80380
80390
80401
80437
80447
80453
80459
80460
80515
80520
80522
80535
80540
80547
80553
80556
80563
80574
80594
80596
80611
80614
80616
80632
80637
80659
80701
80704
80707
80717
80723
80730
80748
80757
80759
80764
80790
80793
80805
80814
80819
80836
80842
80851
80856
80860
80902
80903
80911
80918
80931
80937
80948
80957
80958
80959
80966
80979
80992
80997
81003
81004
81007
81014
81027
81037
81049
81058
81069
81072
81079
81103
81125
81140
81155
81156
81160
81162
81174
81183
81196
81210
81215
81224
81235
81238
81264
81273
81301
81316
81326
81329
81331
81341
81344
81346
81356
81359
81362
81384
81390
81391
81420
81438
81456
81466
81468
81476
81483
81484
81489
81499
81513
81520
81531
81532
81561
81585
81588
81596
81598
81605
81613
81623
81626
81627
81633
81641
81644
81646
81660
81668
81670
81681
81698
81715
81735
81744
81749
81757
81779
81789
81790
81792
81794
81824
81836
81849
81854
81872
81895
81911
81923
81935
81954
81969
81971
81976
81984
81998
82002
82009
82028
82055
82059
82060
82063
82071
82080
82081
82089
82096
82106
82129
82135
82142
82144
82156
82172
82186
82188
82204
82216
82221
82222
82224
82232
82235
82239
82255
82256
82266
82291
82307
82308
82343
82352
82356
82364
82369
82376
82378
82387
82399
82400
82404
82417
82432
82440
82441
82468
82475
82479
82487
82491
82494
82509
82511
82513
82517
82527
82540
82544
82552
82554
82559
82560
82570
82589
82593
82595
82605
82606
82614
82620
82621
82629
82631
82637
82640
82648
82657
82658
82662
82663
82665
82674
82681
82684
82687
82688
82700
82702
82709
82719
82725
82735
82748
82759
82767
82772
82773
82782
82806
82808
82809
82813
82837
82843
82852
82857
82877
82887
82889
82912
82916
82926
82942
82948
82949
82966
82976
82979
82989
82998
83000
83013
83015
83058
83059
83061
83065
83068
83078
83080
83090
83093
83107
83124
83135
83141
83150
83170
83174
83179
83185
83186
83188
83191
83221
83224
83233
83238
83244
83246
83251
83253
83295
83303
83315
83326
83330
83332
83340
83357
83363
83365
83383
83384
83391
83393
83412
83413
83426
83471
83484
83486
83489
83491
83493
83502
83542
83552
83560
83564
83588
83593
83603
83605
83611
83621
83625
83633
83642
83662
83668
83670
83676
83679
83683
83693
83697
83705
83708
83730
83736
83758
83783
83801
83804
83811
83813
83816
83825
83833
83834
83851
83868
83871
83877
83878
83881
83888
83892
83912
83918
83928
83929
83938
83959
83963
83964
83970
83980
83983
83985
83992
83994
84000
84019
84033
84046
84054
84067
84097
84108
84113
84120
84124
84132
84144
84151
84156
84161
84166
84169
84185
84186
84188
84191
84198
84245
84261
84270
84281
84297
84318
84341
84343
84353
84371
84377
84384
84392
84396
84402
84404
84410
84415
84420
84425
84430
84431
84438
84453
84461
84468
84484
84494
84519
84526
84532
84548
84552
84555
84559
84564
84565
84569
84576
84579
84582
84596
84610
84611
84646
84655
84657
84663
84700
84702
84707
84734
84743
84745
84770
84800
84812
84828
84834
84846
84848
84850
84886
84888
84897
84902
84932
84934
84939
84940
84943
84944
84948
84957
84976
84984
84991
85000
85001
85006
85025
85028
85029
85032
85040
85056
85082
85084
85088
85097
85098
85104
85113
85133
85142
85152
85154
85166
85179
85195
85208
85209
85215
85216
85230
85250
85260
85265
85267
85286
85289
85292
85298
85310
85313
85330
85345
85378
85382
85419
85430
85433
85440
85489
85509
85511
85514
85524
85530
85536
85540
85553
85556
85561
85571
85572
85577
85589
85600
85627
85632
85637
85638
85663
85665
85668
85673
85695
85702
85719
85726
85730
85737
85749
85786
85800
85814
85817
85826
85829
85833
85852
85854
85858
85876
85879
85883
85905
85912
85914
85926
85927
85935
85937
85947
85960
85966
85974
85975
85982
85991
86008
86021
86024
86031
86045
86055
86060
86064
86066
86078
86080
86085
86094
86106
86115
86128
86136
86140
86161
86168
86169
86178
86185
86210
86215
86223
86225
86253
86254
86258
86266
86268
86332
86333
86343
86344
86350
86353
86374
86381
86382
86404
86421
86456
86473
86495
86505
86516
86522
86524
86536
86537
86557
86559
86603
86625
86638
86659
86666
86688
86692
86695
86708
86721
86724
86730
86739
86760
86766
86770
86771
86777
86779
86819
86854
86861
86865
86870
86871
86918
86928
86964
86980
86985
86996
87019
87031
87038
87039
87048
87071
87076
87080
87086
87118
87136
87166
87168
87169
87175
87186
87211
87245
87257
87267
87301
87323
87326
87339
87348
87354
87366
87378
87381
87387
87389
87410
87412
87433
87441
87452
87458
87463
87465
87466
87470
87472
87476
87494
87506
87513
87526
87527
87541
87545
87552
87567
87571
87573
87578
87589
87591
87596
87600
87630
87632
87652
87663
87672
87695
87709
87711
87739
87746
87751
87770
87771
87781
87789
87804
87814
87820
87840
87860
87869
87870
87876
87897
87898
87915
87927
87928
87945
87946
87948
87970
87980
87989
87992
88025
88029
88032
88037
88043
88049
88061
88066
88071
88075
88119
88128
88131
88161
88180
88198
88204
88216
88218
88227
88238
88282
88283
88314
88320
88321
88330
88348
88349
88372
88385
88391
88407
88410
88418
88432
88467
88483
88484
88491
88494
88512
88517
88546
88550
88551
88556
88568
88573
88578
88586
88589
88596
88600
88604
88611
88613
88618
88627
88630
88631
88648
88654
88659
88670
88671
88689
88697
88698
88700
88703
88704
88708
88721
88734
88741
88782
88791
88798
88805
88820
88822
88837
88845
88850
88858
88876
88879
88889
88892
88894
88895
88910
88913
88915
88916
88923
88978
88996
89063
89076
89082
89095
89097
89098
89105
89107
89117
89139
89153
89154
89157
89165
89188
89196
89199
89200
89203
89212
89213
89217
89219
89220
89233
89237
89240
89246
89252
89274
89315
89317
89338
89341
89343
89345
89357
89363
89370
89390
89419
89422
89442
89455
89463
89483
89484
89496
89516
89517
89522
89523
89526
89535
89544
89549
89557
89558
89593
89607
89614
89620
89623
89630
89645
89652
89659
89719
89723
89740
89754
89758
89762
89764
89767
89769
89770
89782
89786
89823
89827
89828
89831
89833
89841
89857
89858
89861
89892
89902
89908
89939
89941
89945
89950
89952
89960
89968
89972
89978
89982
89987
90004
90027
90037
90042
90073
90088
90115
90123
90125
90140
90152
90154
90171
90177
90194
90207
90231
90251
90260
90269
90313
90317
90318
90322
90345
90347
90352
90353
90355
90357
90362
90364
90371
90393
90396
90402
90411
90414
90416
90423
90433
90439
90461
90467
90478
90481
90483
90488
90498
90504
90506
90509
90519
90532
90535
90537
90540
90542
90545
90546
90564
90567
90575
90576
90577
90589
90591
90595
90619
90647
90690
90693
90703
90708
90719
90720
90744
90754
90760
90763
90767
90786
90789
90804
90805
90811
90814
90818
90829
90832
90837
90851
90862
90868
90870
90888
90897
90898
90903
90904
90920
90936
90943
90949
90951
90955
90960
90962
90976
91002
91004
91005
91011
91041
91048
91068
91072
91075
91079
91087
91092
91100
91110
91125
91143
91146
91182
91187
91188
91195
91198
91203
91217
91222
91231
91234
91239
91251
91298
91305
91309
91313
91315
91340
91343
91347
91348
91362
91369
91386
91389
91423
91444
91445
91446
91451
91457
91468
91480
91482
91494
91513
91515
91537
91556
91561
91591
91598
91601
91602
91615
91617
91618
91629
91631
91642
91655
91664
91673
91674
91714
91718
91719
91729
91736
91753
91759
91760
91765
91796
91802
91822
91826
91831
91834
91836
91865
91869
91895
91901
91925
91930
91939
91969
91989
92009
92019
92029
92042
92047
92056
92060
92076
92082
92090
92109
92112
92120
92127
92135
92159
92175
92183
92188
92191
92194
92195
92205
92215
92218
92225
92230
92234
92245
92246
92247
92248
92271
92291
92328
92331
92337
92356
92367
92379
92400
92402
92407
92412
92419
92420
92421
92427
92429
92431
92438
92440
92444
92457
92460
92464
92492
92515
92518
92519
92533
92539
92544
92559
92570
92601
92604
92610
92617
92618
92626
92628
92638
92664
92671
92675
92676
92683
92686
92693
92697
92703
92728
92730
92731
92751
92753
92756
92777
92787
92800
92817
92819
92823
92825
92827
92871
92878
92879
92896
92903
92917
92922
92931
92939
92941
92960
92964
92966
92983
92998
93003
93010
93021
93034
93035
93050
93062
93082
93100
93110
93113
93117
93129
93177
93178
93191
93199
93207
93216
93264
93266
93276
93283
93295
93300
93301
93315
93327
93334
93357
93364
93367
93369
93372
93386
93442
93447
93456
93481
93483
93488
93518
93520
93530
93536
93546
93548
93561
93575
93586
93597
93613
93615
93620
93630
93637
93640
93648
93657
93671
93686
93692
93711
93718
93726
93729
93731
93767
93774
93800
93806
93821
93824
93836
93845
93853
93854
93863
93892
93893
93904
93923
93925
93934
93938
93947
93956
93958
93962
93991
94000
94009
94027
94029
94040
94042
94053
94054
94070
94103
94113
94121
94126
94130
94131
94140
94150
94160
94161
94167
94171
94199
94204
94212
94219
94221
94241
94246
94257
94267
94270
94273
94284
94285
94296
94312
94319
94324
94352
94374
94385
94404
94414
94448
94454
94470
94491
94493
94502
94504
94513
94519
94528
94542
94543
94548
94561
94564
94578
94579
94596
94680
94709
94717
94736
94760
94771
94773
94782
94785
94791
94794
94819
94821
94822
94827
94839
94840
94843
94854
94855
94859
94865
94872
94874
94879
94883
94888
94913
94914
94919
94921
94958
94989
94991
95013
95017
95026
95027
95037
95052
95081
95101
95121
95123
95124
95125
95134
95147
95148
95151
95155
95156
95166
95169
95182
95187
95191
95192
95193
95204
95210
95226
95238
95257
95268
95269
95270
95291
95307
95311
95316
95318
95320
95322
95326
95330
95337
95356
95358
95360
95364
95368
95372
95380
95388
95409
95415
95422
95430
95440
95446
95449
95454
95463
95486
95489
95498
95502
95505
95516
95527
95547
95560
95565
95568
95584
95594
95614
95627
95631
95638
95639
95645
95652
95658
95671
95672
95675
95679
95703
95712
95731
95734
95762
95791
95803
95805
95822
95827
95829
95849
95862
95874
95895
95902
95903
95909
95916
95923
95934
95965
95988
96009
96019
96031
96037
96041
96043
96076
96081
96097
96104
96113
96119
96123
96139
96142
96153
96158
96160
96170
96179
96180
96199
96204
96209
96236
96244
96262
96268
96273
96276
96281
96290
96301
96308
96320
96330
96340
96346
96358
96360
96364
96404
96417
96426
96430
96435
96447
96452
96461
96462
96463
96474
96487
96489
96499
96500
96502
96510
96515
96516
96522
96548
96566
96580
96589
96598
96606
96609
96611
96617
96624
96625
96655
96662
96670
96673
96689
96729
96749
96771
96779
96787
96802
96803
96805
96807
96811
96820
96826
96845
96851
96853
96858
96865
96873
96908
96909
96910
96916
96926
96930
96939
96956
96958
96961
96971
97009
97016
97024
97043
97052
97063
97094
97139
97176
97193
97206
97227
97236
97237
97291
97301
97318
97320
97333
97362
97363
97364
97374
97375
97387
97390
97406
97420
97426
97427
97446
97455
97466
97474
97485
97489
97492
97501
97510
97547
97548
97554
97571
97574
97578
97579
97584
97587
97588
97595
97596
97599
97612
97614
97617
97627
97631
97634
97639
97643
97658
97665
97666
97671
97680
97684
97698
97713
97718
97724
97729
97743
97776
97795
97799
97812
97815
97822
97830
97836
97840
97848
97853
97859
97868
97888
97900
97913
97915
97919
97921
97927
97932
97934
97936
97938
97944
97952
97968
97986
97993
98008
98024
98032
98037
98041
98044
98074
98079
98081
98103
98115
98120
98123
98125
98135
98143
98150
98153
98154
98163
98173
98174
98183
98184
98192
98210
98213
98225
98232
98235
98243
98262
98307
98311
98313
98318
98333
98335
98347
98350
98355
98371
98374
98382
98383
98395
98396
98400
98402
98409
98415
98430
98434
98454
98471
98488
98496
98500
98505
98508
98533
98539
98544
98546
98576
98583
98593
98594
98601
98603
98624
98633
98652
98676
98688
98693
98709
98711
98712
98718
98729
98733
98750
98761
98777
98780
98819
98823
98828
98839
98856
98871
98884
98914
98932
98936
98939
98942
98945
98948
98951
98963
98997
98999
99020
99028
99033
99061
99069
99082
99084
99085
99105
99114
99127
99132
99147
99152
99154
99166
99170
99173
99177
99181
99191
99216
99244
99269
99279
99285
99288
99290
99296
99303
99307
99319
99332
99337
99346
99357
99378
99390
99392
99423
99429
99447
99453
99491
99493
99494
99495
99505
99511
99552
99557
99561
99565
99567
99569
99584
99586
99595
99597
99598
99601
99605
99613
99616
99618
99627
99630
99645
99687
99689
99705
99727
99750
99754
99758
99766
99773
99776
99778
99784
99787
99795
99801
99806
99817
99840
99844
99856
99874
99893
99897
99923
99928
99929
99936
99940
99958
99964
99967
99968
99970
99974
99985
99997
