1
4
9
17
18
19
24
28
30
33
36
38
40
41
42
45
51
52
56
65
68
72
78
81
84
93
94
95
100
103
104
107
108
111
116
118
120
125
127
131
133
134
135
136
138
145
147
148
149
153
154
160
163
165
166
171
172
180
182
185
188
195
196
199
200
207
209
212
213
217
218
219
226
228
233
237
240
248
268
270
274
278
279
280
281
285
288
289
290
295
303
307
308
313
314
315
321
324
327
332
336
338
339
343
344
345
347
350
352
353
355
357
358
360
361
367
370
373
375
377
382
384
386
391
393
394
395
400
401
410
412
417
418
425
428
433
436
437
442
443
448
451
453
454
458
459
461
462
467
472
476
478
479
484
486
489
491
493
498
503
506
510
528
534
538
540
549
550
553
555
556
559
561
563
567
568
570
574
580
583
585
587
589
590
592
593
597
598
599
600
603
605
609
613
616
619
620
622
624
626
627
629
635
637
638
639
641
643
647
654
657
664
666
668
672
673
677
678
681
684
685
687
691
700
701
702
703
707
710
711
720
722
725
728
734
737
739
742
744
745
747
749
753
758
763
770
775
781
783
784
786
796
799
803
804
807
811
812
813
820
825
827
832
834
836
840
841
843
848
849
850
856
857
867
868
872
876
877
878
879
884
885
891
896
898
908
909
919
921
922
925
927
930
932
941
946
949
953
956
964
972
973
974
976
990
992
993
994
996
1004
1005
1006
1010
1011
1013
1026
1027
1030
1032
1041
1044
1054
1055
1062
1068
1072
1073
1078
1084
1085
1086
1087
1089
1091
1099
1102
1104
1110
1111
1113
1114
1117
1120
1122
1124
1125
1131
1133
1139
1141
1142
1144
1146
1151
1153
1154
1159
1161
1163
1169
1171
1172
1173
1174
1178
1179
1181
1182
1189
1194
1198
1201
1217
1219
1221
1224
1228
1229
1230
1231
1236
1241
1246
1247
1248
1252
1254
1258
1259
1265
1267
1268
1273
1274
1275
1282
1285
1287
1289
1299
1300
1303
1304
1307
1310
1311
1315
1316
1317
1320
1323
1326
1329
1339
1341
1346
1352
1354
1356
1361
1363
1370
1373
1375
1376
1379
1380
1385
1387
1391
1392
1394
1395
1396
1398
1407
1408
1412
1416
1418
1422
1424
1428
1431
1434
1437
1442
1446
1447
1448
1457
1458
1461
1462
1463
1467
1474
1475
1476
1480
1482
1487
1489
1491
1492
1494
1503
1505
1507
1514
1515
1519
1524
1527
1530
1531
1538
1553
1554
1555
1560
1561
1563
1564
1565
1574
1580
1584
1585
1586
1589
1593
1598
1600
1602
1605
1616
1621
1622
1630
1635
1636
1637
1642
1645
1646
1647
1648
1650
1659
1661
1663
1664
1665
1666
1685
1686
1691
1695
1699
1702
1707
1709
1714
1716
1720
1721
1722
1723
1726
1727
1730
1733
1736
1740
1742
1745
1747
1751
1757
1760
1764
1768
1774
1781
1785
1789
1791
1797
1802
1806
1809
1810
1815
1818
1819
1821
1822
1825
1826
1827
1835
1836
1838
1839
1845
1846
1847
1849
1855
1856
1858
1862
1863
1866
1867
1868
1876
1877
1879
1880
1883
1884
1885
1887
1890
1900
1901
1911
1923
1924
1925
1927
1928
1929
1930
1933
1937
1939
1940
1951
1955
1956
1959
1962
1963
1964
1965
1966
1967
1968
1969
1970
1978
1982
1984
1987
2000
2003
2004
2009
2018
2021
2027
2028
2033
2037
2038
2044
2045
2047
2051
2053
2057
2059
2061
2063
2065
2067
2068
2069
2076
2081
2088
2093
2096
2098
2106
2107
2109
2110
2114
2115
2117
2119
2122
2123
2124
2125
2127
2148
2150
2152
2153
2158
2159
2163
2165
2166
2167
2168
2175
2182
2184
2185
2191
2196
2199
2200
2201
2202
2206
2207
2210
2213
2214
2215
2218
2219
2229
2232
2235
2244
2245
2252
2255
2259
2260
2261
2265
2270
2271
2276
2281
2283
2286
2289
2291
2295
2296
2302
2305
2307
2308
2310
2311
2314
2315
2316
2319
2321
2322
2328
2329
2333
2334
2336
2342
2346
2347
2348
2352
2353
2366
2369
2373
2374
2375
2377
2380
2384
2385
2387
2391
2398
2400
2401
2404
2405
2406
2407
2409
2412
2415
2416
2417
2433
2441
2446
2451
2452
2453
2456
2458
2470
2475
2476
2478
2481
2485
2486
2489
2493
2496
2498
2499
2502
2505
2507
2512
2515
2524
2525
2533
2539
2544
2545
2546
2547
2549
2551
2552
2556
2557
2559
2560
2561
2562
2568
2569
2571
2572
2574
2576
2579
2581
2585
2586
2587
2591
2597
2601
2606
2611
2617
2618
2620
2621
2622
2623
2634
2637
2640
2642
2644
2655
2659
2661
2663
2668
2674
2677
2681
2682
2683
2684
2686
2689
2693
2702
2703
2706
2708
2710
2712
2722
2726
2727
2733
2735
2736
2739
2744
2745
2747
2748
2752
2753
2758
2759
2761
2764
2767
2772
2779
2781
2784
2788
2789
2791
2792
2798
2800
2804
2805
2806
2810
2811
2812
2813
2814
2815
2818
2822
2823
2824
2826
2831
2839
2842
2850
2852
2853
2854
2862
2866
2873
2874
2890
2895
2896
2897
2903
2906
2907
2914
2918
2921
2923
2928
2929
2930
2931
2941
2943
2944
2947
2950
2951
2956
2966
2968
2969
2971
2972
2974
2978
2981
2985
2986
2987
2995
2997
3000
3001
3003
3007
3008
3012
3013
3014
3020
3021
3022
3024
3029
3040
3046
3052
3053
3059
3070
3071
3076
3083
3084
3087
3090
3091
3096
3097
3098
3104
3106
3112
3115
3117
3119
3127
3129
3130
3140
3144
3145
3152
3153
3155
3157
3159
3161
3163
3166
3167
3169
3171
3172
3176
3179
3182
3190
3193
3194
3200
3204
3210
3211
3213
3214
3217
3224
3225
3233
3234
3237
3242
3247
3250
3251
3253
3258
3262
3270
3274
3276
3277
3282
3294
3298
3307
3310
3311
3313
3321
3323
3324
3328
3329
3331
3332
3334
3335
3336
3342
3345
3346
3351
3352
3355
3356
3357
3361
3362
3376
3379
3390
3391
3397
3405
3409
3411
3413
3418
3422
3423
3425
3426
3427
3428
3433
3434
3435
3436
3439
3440
3441
3442
3444
3445
3455
3463
3464
3465
3467
3468
3472
3473
3476
3477
3480
3483
3487
3490
3491
3492
3493
3497
3498
3499
3510
3512
3517
3525
3533
3536
3537
3538
3541
3543
3546
3547
3552
3554
3555
3560
3566
3568
3569
3590
3591
3593
3598
3599
3601
3603
3606
3614
3616
3617
3620
3625
3632
3633
3635
3638
3639
3642
3646
3650
3658
3661
3665
3671
3673
3677
3681
3689
3696
3698
3703
3707
3708
3709
3718
3720
3725
3726
3727
3729
3730
3732
3734
3735
3737
3742
3743
3746
3749
3757
3765
3768
3777
3778
3780
3783
3792
3794
3800
3809
3811
3813
3815
3818
3828
3830
3831
3837
3838
3839
3841
3845
3848
3856
3860
3866
3869
3872
3876
3880
3882
3883
3886
3887
3888
3892
3893
3896
3899
3903
3913
3917
3933
3942
3948
3949
3953
3955
3956
3968
3971
3972
3974
3977
3984
3986
3989
3990
3993
3994
4000
4004
4006
4008
4013
4016
4019
4021
4024
4025
4026
4027
4035
4036
4041
4042
4046
4048
4051
4057
4059
4076
4077
4080
4085
4089
4090
4095
4099
4101
4105
4107
4114
4127
4130
4136
4148
4149
4152
4155
4158
4165
4167
4168
4169
4170
4171
4172
4174
4177
4186
4189
4190
4199
4200
4201
4207
4210
4211
4212
4213
4215
4216
4217
4218
4219
4223
4227
4231
4234
4236
4237
4238
4240
4241
4243
4246
4254
4261
4262
4264
4266
4267
4268
4272
4276
4281
4290
4292
4293
4295
4297
4298
4303
4310
4315
4320
4321
4322
4324
4332
4333
4334
4337
4340
4342
4344
4348
4357
4358
4360
4362
4364
4366
4372
4373
4374
4378
4381
4382
4383
4385
4389
4390
4393
4396
4397
4398
4404
4405
4406
4410
4412
4417
4418
4419
4423
4424
4425
4428
4429
4443
4444
4449
4454
4456
4457
4460
4461
4462
4465
4468
4472
4479
4483
4487
4488
4491
4492
4497
4498
4505
4507
4518
4526
4527
4539
4544
4555
4557
4558
4565
4566
4567
4568
4571
4573
4580
4582
4587
4588
4593
4600
4606
4609
4611
4621
4628
4639
4640
4645
4648
4649
4650
4652
4653
4654
4660
4661
4665
4667
4669
4670
4675
4677
4681
4685
4689
4692
4698
4703
4704
4720
4723
4726
4727
4729
4733
4738
4740
4743
4745
4747
4755
4757
4759
4762
4766
4767
4769
4772
4776
4780
4784
4785
4786
4793
4796
4801
4804
4806
4807
4808
4809
4812
4813
4814
4817
4818
4826
4827
4829
4830
4834
4841
4844
4845
4847
4848
4849
4852
4859
4862
4874
4881
4882
4884
4886
4895
4897
4900
4901
4903
4906
4912
4913
4914
4915
4921
4923
4926
4928
4929
4933
4934
4940
4947
4952
4956
4958
4961
4968
4969
4971
4972
4980
4985
4986
4988
4991
4995
5000
5006
5008
5009
5014
5016
5022
5025
5028
5032
5033
5038
5040
5041
5043
5046
5048
5049
5051
5052
5054
5065
5072
5075
5077
5078
5079
5084
5090
5097
5102
5105
5107
5110
5128
5130
5131
5139
5150
5155
5160
5162
5167
5168
5173
5177
5179
5189
5193
5197
5199
5203
5204
5207
5211
5212
5219
5220
5223
5226
5229
5231
5233
5234
5236
5237
5239
5240
5248
5250
5257
5264
5265
5272
5276
5278
5280
5283
5292
5293
5295
5298
5299
5301
5308
5310
5311
5314
5324
5328
5331
5333
5334
5337
5339
5340
5341
5342
5344
5351
5355
5358
5359
5367
5368
5371
5372
5376
5385
5387
5393
5395
5397
5399
5401
5402
5406
5409
5416
5417
5421
5423
5424
5425
5427
5428
5429
5430
5433
5434
5439
5446
5449
5452
5453
5455
5456
5457
5461
5466
5469
5472
5474
5476
5481
5488
5490
5494
5495
5497
5500
5502
5506
5508
5510
5512
5513
5514
5523
5524
5525
5528
5530
5535
5537
5538
5540
5541
5546
5547
5555
5564
5566
5572
5575
5576
5577
5583
5586
5587
5592
5596
5598
5601
5604
5605
5614
5616
5621
5624
5626
5630
5632
5635
5640
5644
5647
5650
5651
5654
5663
5665
5673
5675
5680
5682
5685
5689
5695
5699
5701
5706
5709
5714
5715
5716
5718
5726
5727
5736
5737
5748
5749
5755
5757
5764
5769
5772
5789
5796
5798
5802
5803
5811
5832
5839
5840
5842
5846
5852
5854
5857
5865
5869
5871
5872
5874
5882
5887
5894
5895
5903
5904
5905
5911
5916
5917
5923
5926
5936
5938
5939
5942
5944
5947
5950
5955
5960
5962
5965
5974
5975
5976
5986
5987
5991
5992
6002
6007
6009
6015
6020
6022
6025
6026
6027
6031
6033
6038
6039
6042
6044
6052
6058
6070
6074
6075
6077
6078
6082
6088
6098
6101
6103
6104
6115
6116
6117
6123
6125
6126
6129
6130
6133
6134
6143
6146
6148
6150
6160
6163
6169
6181
6186
6189
6191
6196
6197
6200
6201
6202
6214
6219
6220
6224
6225
6231
6233
6234
6242
6243
6244
6249
6251
6252
6255
6257
6260
6267
6271
6277
6279
6292
6293
6294
6297
6298
6300
6305
6306
6310
6312
6316
6319
6320
6321
6324
6327
6329
6330
6331
6339
6341
6342
6351
6352
6356
6359
6360
6361
6363
6364
6368
6370
6373
6378
6379
6381
6382
6383
6385
6389
6394
6396
6401
6402
6403
6408
6409
6414
6418
6419
6421
6422
6427
6433
6436
6443
6450
6452
6459
6460
6461
6470
6472
6475
6476
6477
6483
6485
6486
6490
6492
6494
6497
6499
6510
6511
6519
6523
6524
6525
6526
6528
6531
6536
6545
6547
6549
6551
6552
6559
6562
6564
6576
6578
6579
6580
6581
6584
6585
6587
6588
6593
6595
6605
6609
6613
6614
6620
6621
6623
6624
6625
6630
6642
6643
6644
6651
6652
6653
6660
6661
6664
6671
6673
6685
6689
6691
6693
6694
6701
6703
6709
6718
6719
6720
6721
6724
6726
6727
6732
6735
6741
6745
6747
6748
6752
6753
6755
6759
6762
6764
6765
6767
6771
6775
6776
6779
6784
6787
6788
6794
6796
6798
6800
6801
6803
6807
6809
6811
6814
6823
6825
6827
6829
6830
6834
6839
6842
6845
6846
6847
6851
6859
6861
6863
6864
6866
6875
6882
6884
6887
6888
6891
6895
6899
6903
6910
6911
6921
6924
6925
6927
6929
6931
6935
6941
6942
6943
6946
6949
6963
6964
6969
6970
6971
6972
6973
6978
6983
6985
6988
6989
6992
6994
6995
6997
7004
7006
7008
7014
7033
7034
7036
7045
7047
7052
7053
7055
7058
7060
7062
7064
7066
7067
7068
7073
7074
7077
7082
7084
7092
7093
7101
7104
7106
7107
7108
7113
7114
7118
7124
7125
7126
7130
7132
7136
7138
7149
7150
7155
7157
7161
7164
7172
7173
7183
7191
7193
7201
7202
7204
7207
7209
7210
7211
7224
7225
7228
7231
7235
7238
7240
7242
7244
7251
7254
7255
7256
7262
7271
7274
7280
7284
7287
7292
7293
7294
7297
7307
7311
7315
7319
7326
7337
7338
7360
7361
7364
7366
7372
7375
7377
7380
7383
7389
7392
7393
7397
7398
7399
7405
7407
7408
7409
7422
7427
7429
7440
7448
7458
7459
7463
7465
7467
7468
7472
7476
7477
7478
7480
7489
7490
7491
7495
7497
7498
7504
7506
7508
7509
7513
7514
7517
7520
7521
7523
7524
7526
7533
7534
7536
7537
7544
7554
7556
7557
7558
7560
7563
7566
7571
7572
7578
7581
7588
7591
7601
7602
7605
7606
7609
7613
7616
7619
7625
7628
7632
7633
7635
7639
7642
7643
7644
7653
7654
7655
7658
7662
7667
7670
7675
7676
7679
7689
7690
7694
7695
7704
7706
7714
7716
7719
7721
7725
7729
7731
7733
7734
7738
7740
7741
7745
7748
7751
7752
7753
7755
7756
7761
7765
7769
7771
7772
7776
7782
7785
7790
7791
7795
7797
7798
7805
7807
7812
7814
7827
7835
7837
7843
7844
7849
7850
7856
7857
7858
7860
7861
7868
7876
7880
7881
7888
7890
7892
7893
7894
7900
7901
7902
7905
7906
7907
7912
7918
7919
7921
7924
7926
7927
7931
7933
7935
7936
7938
7939
7941
7943
7946
7951
7952
7960
7965
7971
7972
7973
7974
7979
7981
7987
7990
7991
7992
7998
8005
8006
8007
8012
8015
8018
8021
8023
8025
8031
8032
8035
8039
8043
8047
8049
8051
8052
8054
8056
8061
8069
8072
8075
8081
8085
8086
8087
8091
8096
8097
8108
8113
8115
8118
8119
8121
8130
8137
8139
8140
8142
8147
8151
8157
8158
8159
8160
8161
8162
8163
8170
8172
8175
8179
8184
8185
8188
8201
8203
8209
8212
8213
8215
8217
8221
8222
8227
8231
8233
8235
8237
8239
8242
8243
8247
8250
8251
8252
8254
8255
8259
8260
8261
8272
8276
8281
8282
8283
8288
8290
8296
8297
8301
8309
8312
8314
8315
8318
8323
8324
8331
8332
8336
8339
8342
8343
8352
8359
8360
8365
8368
8383
8386
8388
8389
8391
8394
8398
8399
8402
8405
8411
8422
8425
8435
8448
8450
8453
8455
8458
8461
8462
8465
8470
8471
8473
8478
8485
8488
8489
8493
8494
8497
8502
8503
8505
8511
8515
8518
8519
8521
8522
8527
8528
8538
8539
8540
8542
8544
8549
8553
8554
8555
8559
8560
8563
8565
8572
8574
8575
8577
8585
8590
8592
8594
8596
8598
8604
8605
8608
8612
8615
8617
8622
8623
8624
8625
8633
8642
8645
8648
8650
8654
8655
8657
8658
8665
8666
8675
8677
8678
8682
8689
8691
8696
8705
8708
8716
8725
8726
8727
8730
8731
8734
8735
8736
8739
8741
8745
8748
8749
8754
8760
8771
8772
8773
8775
8778
8780
8781
8783
8785
8788
8793
8796
8799
8812
8813
8814
8821
8824
8826
8830
8832
8833
8840
8841
8844
8845
8846
8847
8848
8852
8855
8857
8860
8861
8862
8865
8870
8872
8878
8883
8888
8891
8893
8894
8895
8897
8898
8904
8905
8908
8921
8922
8924
8926
8927
8928
8930
8932
8933
8940
8943
8944
8948
8951
8955
8956
8958
8959
8960
8961
8963
8967
8969
8973
8974
8976
8977
8978
8980
8981
8982
8985
8990
8991
8995
8997
9003
9006
9010
9016
9026
9028
9029
9031
9034
9035
9036
9039
9040
9041
9042
9043
9048
9052
9057
9060
9061
9064
9066
9071
9075
9077
9078
9081
9082
9084
9087
9088
9092
9095
9097
9101
9108
9110
9113
9114
9115
9118
9120
9121
9124
9129
9132
9138
9139
9141
9142
9149
9152
9162
9163
9164
9166
9173
9175
9177
9180
9183
9188
9192
9194
9201
9204
9207
9208
9214
9215
9216
9217
9222
9225
9233
9236
9239
9241
9244
9245
9249
9250
9254
9257
9260
9263
9265
9267
9269
9272
9276
9277
9278
9284
9290
9291
9296
9298
9299
9303
9306
9307
9308
9319
9323
9326
9331
9335
9336
9355
9356
9358
9361
9367
9374
9376
9379
9383
9385
9389
9392
9393
9408
9416
9417
9420
9421
9426
9433
9434
9439
9442
9451
9452
9453
9454
9455
9461
9466
9472
9481
9482
9484
9491
9493
9497
9499
9500
9501
9503
9507
9513
9515
9516
9517
9520
9522
9523
9524
9525
9527
9529
9533
9534
9535
9542
9546
9548
9558
9564
9566
9568
9569
9572
9576
9577
9584
9585
9586
9588
9596
9601
9604
9605
9607
9608
9609
9612
9613
9620
9623
9628
9631
9633
9634
9637
9645
9647
9653
9655
9656
9661
9662
9664
9665
9670
9672
9674
9679
9683
9687
9688
9689
9694
9697
9700
9702
9704
9707
9708
9709
9711
9712
9714
9715
9716
9719
9726
9728
9735
9740
9747
9748
9749
9750
9751
9753
9755
9757
9767
9769
9775
9776
9780
9781
9782
9784
9788
9790
9792
9798
9801
9803
9806
9809
9812
9815
9816
9821
9827
9830
9838
9841
9845
9849
9851
9852
9856
9857
9860
9864
9866
9867
9868
9873
9875
9876
9878
9884
9886
9888
9889
9899
9900
9910
9911
9915
9917
9921
9933
9937
9943
9946
9954
9958
9959
9960
9961
9962
9984
9987
9992
9994
9995
9999
