37
59
67
72
90
93
107
114
116
128
139
142
151
154
158
159
161
167
170
177
178
188
200
210
224
241
244
245
254
270
279
304
312
337
341
344
349
374
395
396
406
409
428
440
443
445
449
451
498
509
513
515
539
550
578
593
599
618
632
651
694
698
700
703
725
730
734
751
758
761
803
812
815
822
837
842
901
919
923
935
942
943
944
960
963
966
968
971
1002
1020
1028
1031
1033
1041
1052
1067
1082
1101
1108
1119
1137
1148
1155
1162
1164
1178
1188
1189
1195
1201
1223
1229
1236
1249
1251
1263
1269
1281
1283
1296
1302
1312
1317
1323
1324
1336
1338
1341
1354
1369
1375
1380
1402
1404
1406
1411
1421
1438
1446
1471
1477
1490
1493
1505
1514
1552
1554
1566
1587
1594
1607
1621
1680
1703
1720
1724
1738
1771
1776
1777
1784
1791
1794
1805
1820
1825
1844
1861
1868
1884
1886
1930
1934
1938
1939
1951
1965
1973
1980
1984
1985
2000
2031
2033
2036
2048
2051
2058
2063
2081
2084
2086
2087
2092
2119
2122
2140
2153
2160
2180
2181
2200
2229
2247
2248
2257
2274
2281
2302
2306
2310
2311
2327
2333
2339
2352
2360
2389
2403
2405
2421
2440
2441
2442
2449
2465
2473
2494
2498
2502
2505
2513
2521
2544
2548
2557
2585
2591
2610
2623
2637
2639
2643
2654
2656
2659
2660
2687
2700
2720
2727
2739
2742
2751
2757
2763
2765
2766
2778
2794
2816
2818
2836
2880
2888
2889
2910
2915
2930
2941
2942
2964
2966
2979
2985
2996
3014
3022
3034
3045
3053
3083
3094
3095
3096
3104
3119
3120
3125
3137
3147
3171
3204
3216
3251
3259
3265
3269
3272
3288
3297
3308
3310
3311
3316
3321
3345
3358
3363
3374
3434
3441
3469
3485
3487
3497
3502
3503
3505
3506
3512
3513
3515
3518
3522
3526
3534
3537
3545
3553
3566
3571
3581
3585
3590
3605
3615
3634
3637
3638
3642
3669
3672
3677
3678
3685
3700
3701
3717
3725
3726
3731
3739
3758
3769
3795
3796
3801
3803
3821
3834
3836
3843
3857
3864
3867
3893
3897
3907
3917
3930
3939
3954
3963
3967
3978
3982
3986
4003
4040
4042
4048
4051
4073
4083
4115
4129
4139
4154
4164
4166
4172
4187
4188
4191
4196
4205
4213
4228
4248
4255
4257
4274
4291
4302
4331
4345
4359
4372
4377
4380
4397
4398
4399
4410
4422
4445
4460
4468
4473
4497
4500
4526
4534
4536
4545
4556
4564
4575
4578
4597
4614
4624
4627
4630
4636
4638
4649
4655
4657
4665
4666
4683
4710
4730
4733
4739
4745
4754
4757
4761
4809
4821
4837
4864
4870
4872
4893
4894
4898
4908
4919
4929
4958
4966
4969
4970
4971
4998
5002
5010
5013
5015
5019
5020
5040
5074
5083
5108
5116
5118
5128
5138
5146
5151
5180
5187
5200
5234
5235
5264
5266
5267
5271
5277
5278
5290
5296
5303
5312
5313
5315
5322
5337
5343
5356
5358
5361
5382
5385
5392
5393
5409
5412
5424
5435
5449
5450
5452
5461
5474
5476
5503
5526
5541
5552
5553
5558
5560
5577
5596
5623
5639
5643
5644
5648
5649
5661
5663
5677
5678
5690
5692
5703
5734
5771
5772
5795
5804
5820
5831
5874
5880
5886
5893
5917
5931
5933
5938
5957
5958
5964
5972
6005
6011
6016
6028
6033
6036
6045
6068
6074
6076
6077
6082
6085
6095
6110
6120
6128
6142
6150
6151
6155
6157
6175
6185
6197
6238
6254
6255
6303
6309
6324
6348
6354
6356
6372
6378
6391
6398
6400
6414
6420
6422
6439
6461
6471
6474
6477
6483
6484
6499
6500
6512
6538
6539
6555
6560
6562
6566
6577
6592
6594
6613
6617
6623
6636
6638
6651
6658
6660
6664
6668
6670
6690
6736
6737
6746
6750
6756
6767
6768
6772
6776
6778
6783
6801
6807
6810
6823
6832
6840
6847
6858
6869
6873
6923
6927
6929
6934
6939
6943
6948
6955
6958
6966
6971
6984
7003
7004
7005
7006
7016
7034
7035
7036
7039
7040
7058
7091
7102
7115
7116
7120
7132
7141
7149
7150
7155
7164
7172
7180
7186
7212
7220
7222
7246
7249
7251
7256
7279
7280
7318
7350
7353
7366
7380
7391
7407
7416
7420
7432
7440
7470
7496
7499
7500
7506
7518
7521
7526
7536
7543
7545
7560
7595
7601
7602
7603
7610
7613
7623
7626
7627
7628
7668
7671
7673
7688
7689
7707
7715
7718
7726
7735
7737
7756
7766
7772
7787
7788
7792
7798
7803
7804
7810
7820
7840
7849
7850
7860
7873
7878
7886
7889
7896
7900
7919
7920
7922
7933
7935
7945
7966
7969
7977
7982
7992
7994
8002
8061
8070
8075
8077
8086
8091
8097
8105
8108
8109
8126
8127
8130
8153
8171
8186
8188
8190
8204
8231
8234
8251
8255
8259
8261
8269
8273
8281
8288
8294
8299
8300
8301
8305
8313
8316
8320
8333
8348
8350
8373
8374
8378
8381
8382
8384
8388
8390
8399
8400
8408
8423
8427
8429
8430
8489
8500
8505
8507
8521
8532
8534
8541
8544
8559
8581
8582
8589
8598
8607
8609
8628
8630
8632
8635
8636
8640
8648
8649
8651
8657
8661
8671
8674
8677
8681
8701
8710
8712
8730
8731
8733
8741
8745
8786
8791
8796
8810
8836
8843
8846
8853
8855
8873
8875
8917
8924
8926
8941
8944
8959
8972
8974
8986
8989
8990
8992
8993
8996
8997
9002
9030
9050
9055
9057
9077
9082
9101
9105
9107
9125
9132
9144
9145
9152
9163
9174
9182
9190
9192
9205
9208
9251
9266
9268
9272
9273
9285
9295
9296
9299
9304
9306
9314
9323
9324
9329
9332
9335
9365
9367
9377
9382
9391
9417
9418
9426
9438
9443
9458
9459
9474
9475
9503
9521
9525
9541
9545
9554
9572
9577
9594
9609
9611
9612
9624
9625
9628
9651
9660
9673
9681
9685
9691
9699
9708
9715
9724
9741
9768
9785
9795
9796
9807
9809
9838
9841
9842
9846
9857
9865
9866
9870
9876
9878
9885
9895
9928
9945
