33
42
69
86
102
166
182
246
258
305
316
325
355
370
394
528
532
537
564
578
602
630
632
636
646
680
708
711
720
734
756
824
908
958
1030
1114
1225
1230
1274
1282
1362
1398
1542
1551
1566
1637
1691
1707
1708
1724
1728
1756
1758
1802
1876
1877
1884
1900
1911
1933
1951
1963
1973
1977
1993
2040
2083
2121
2152
2162
2180
2195
2199
2254
2258
2263
2347
2352
2381
2447
2455
2521
2526
2529
2547
2557
2592
2613
2622
2627
2650
2658
2723
2747
2751
2769
2901
2918
2962
2982
3024
3155
3184
3196
3203
3212
3226
3289
3300
3358
3402
3405
3462
3513
3569
3570
3601
3622
3716
3776
3798
3825
3839
3853
3873
3940
3999
4025
4070
4104
4206
4246
4276
4317
4330
4519
4551
4572
4592
4684
4768
4779
4786
4803
4995
5009
5019
5021
5022
5028
5051
5056
5061
5088
5113
5131
5155
5225
5238
5267
5282
5285
5297
5322
5328
5439
5441
5480
5487
5497
5522
5526
5553
5613
5619
5620
5656
5670
5676
5742
5751
5794
5799
5810
5818
5830
5832
5833
5836
5888
5918
5957
5997
6004
6129
6225
6322
6335
6344
6355
6438
6446
6480
6593
6602
6603
6613
6654
6748
6751
6792
6870
6875
6894
6968
7001
7074
7088
7138
7248
7278
7299
7306
7337
7341
7394
7606
7613
7634
7654
7662
7668
7676
7745
7748
7760
7773
7781
7789
7820
7828
7852
7856
7889
7985
7998
8111
8112
8131
8224
8253
8285
8364
8463
8467
8485
8542
8566
8587
8591
8611
8619
8622
8626
8665
8799
8816
8830
8838
8842
8852
8866
8906
8924
8999
9015
9097
9143
9155
9157
9175
9249
9269
9355
9366
9479
9538
9542
9580
9610
9664
9698
9732
9741
9843
9846
9864
9869
9892
9932
9939
9942
10024
10053
10167
10168
10231
10249
10265
10266
10280
10292
10303
10364
10387
10391
10512
10513
10556
10580
10614
10627
10632
10644
10658
10662
10676
10688
10768
10795
10811
10835
10838
10859
10930
10934
10953
10992
11080
11112
11128
11129
11135
11167
11174
11191
11234
11240
11244
11248
11267
11329
11333
11365
11400
11493
11599
11653
11795
11884
11910
11932
11989
12043
12046
12066
12077
12128
12151
12195
12214
12236
12266
12278
12300
12304
12334
12435
12499
12512
12640
12660
12732
12765
12772
12853
12857
12903
12905
12967
12989
13101
13108
13110
13117
13146
13171
13186
13195
13303
13332
13346
13413
13418
13441
13449
13473
13506
13545
13579
13580
13607
13640
13679
13693
13699
13754
13805
13833
13853
13856
13862
13880
13915
13933
13954
13981
14028
14036
14060
14068
14099
14103
14129
14136
14157
14177
14181
14190
14191
14242
14260
14347
14352
14360
14361
14367
14372
14412
14447
14474
14540
14545
14570
14605
14662
14672
14696
14785
14804
14843
14950
14997
15025
15046
15050
15052
15060
15082
15085
15090
15140
15151
15227
15237
15279
15328
15348
15374
15413
15437
15440
15452
15466
15487
15494
15507
15515
15585
15596
15633
15641
15669
15671
15686
15744
15774
15862
15939
15963
15991
16003
16026
16032
16055
16108
16161
16182
16233
16241
16254
16298
16335
16379
16425
16428
16437
16456
16540
16546
16577
16640
16658
16700
16718
16757
16759
16802
16806
16825
16850
16869
16888
17025
17035
17073
17091
17137
17224
17269
17330
17343
17366
17384
17476
17520
17534
17549
17587
17699
17732
17742
17801
17818
17937
17942
17961
18009
18086
18113
18188
18252
18256
18295
18375
18464
18468
18514
18516
18520
18535
18556
18594
18598
18662
18667
18672
18690
18694
18727
18739
18864
18871
18913
18929
18961
18975
18991
19089
19127
19177
19208
19212
19243
19267
19280
19375
19378
19393
19418
19506
19519
19545
19553
19564
19602
19627
19653
19656
19679
19680
19744
19888
19900
19939
19961
19962
20078
20080
20096
20119
20193
20234
20287
20291
20316
20406
20429
20455
20468
20537
20538
20559
20601
20657
20749
20751
20840
20885
20900
20906
21010
21037
21061
21069
21071
21090
21163
21202
21222
21286
21344
21372
21405
21412
21426
21431
21506
21508
21516
21535
21553
21559
21563
21640
21650
21673
21713
21753
21768
21772
21780
21781
21801
21836
21842
21882
21903
21954
22029
22043
22077
22080
22138
22174
22241
22265
22273
22280
22304
22348
22353
22371
22373
22406
22510
22523
22531
22588
22609
22617
22632
22664
22674
22704
22727
22731
22739
22750
22758
22889
22915
22935
22962
22984
23032
23038
23060
23081
23179
23189
23275
23291
23297
23316
23387
23446
23476
23520
23642
23648
23677
23699
23706
23777
23788
23795
23799
23850
23920
24001
24037
24049
24077
24168
24208
24214
24232
24241
24250
24282
24328
24359
24384
24399
24432
24503
24523
24563
24589
24640
24665
24681
24682
24683
24705
24744
24765
24803
24851
24862
24895
24915
24919
24992
25008
25069
25073
25095
25129
25246
25278
25309
25320
25378
25396
25403
25450
25484
25485
25506
25511
25544
25569
25579
25622
25641
25675
25681
25689
25732
25737
25778
25821
25848
25855
25860
25878
25879
25926
25987
26044
26123
26138
26174
26204
26238
26243
26288
26305
26345
26353
26410
26452
26495
26546
26616
26624
26674
26683
26705
26715
26832
26853
26912
26924
26928
27016
27090
27113
27199
27218
27222
27240
27245
27286
27339
27343
27347
27350
27552
27570
27689
27720
27796
27804
27807
27809
27812
27827
27832
27858
27877
27961
27977
28019
28088
28196
28201
28239
28247
28257
28263
28348
28389
28394
28404
28425
28432
28476
28615
28626
28644
28748
28766
28770
28791
28858
28912
28915
28946
28975
28985
29055
29077
29100
29124
29195
29235
29245
29249
29272
29422
29430
29496
29573
29584
29591
29621
29647
29652
29700
29769
29824
29825
29874
29883
29906
29937
29948
29950
29959
29974
30009
30032
30044
30116
30136
30145
30185
30188
30216
30220
30258
30293
30323
30335
30344
30368
30373
30375
30376
30397
30436
30440
30448
30490
30496
30545
30570
30609
30682
30683
30734
30746
30748
30765
30776
30824
30891
30901
30960
30987
31015
31035
31047
31081
31121
31131
31149
31160
31169
31223
31312
31359
31382
31430
31497
31505
31605
31650
31680
31684
31686
31699
31714
31758
31762
31806
31938
32007
32046
32078
32178
32181
32204
32249
32313
32314
32323
32333
32382
32481
32505
32525
32539
32560
32571
32580
32608
32618
32633
32684
32736
32755
32764
32794
32803
32811
32832
32918
33004
33043
33063
33144
33179
33183
33186
33214
33219
33317
33324
33447
33457
33598
33643
33645
33663
33746
33762
33825
33960
33962
34069
34087
34205
34221
34227
34238
34288
34429
34439
34531
34673
34699
34734
34751
34873
34953
34990
34994
35038
35054
35058
35136
35191
35276
35289
35299
35331
35347
35385
35388
35442
35476
35510
35523
35541
35550
35551
35554
35610
35648
35686
35690
35698
35763
35824
35827
35910
35931
35958
35989
36020
36082
36118
36139
36160
36167
36209
36228
36235
36236
36245
36312
36321
36334
36375
36409
36455
36473
36531
36573
36587
36708
36871
36877
36918
36937
36946
36960
36963
37087
37095
37194
37211
37215
37255
37278
37359
37402
37405
37419
37468
37521
37547
37581
37591
37597
37603
37607
37638
37652
37661
37672
37700
37709
37747
37789
37793
37803
37805
37809
37815
37852
37863
37870
37874
37924
37999
38009
38013
38049
38097
38119
38122
38147
38206
38213
38220
38223
38320
38323
38331
38339
38381
38410
38455
38458
38514
38558
38564
38579
38603
38632
38735
38773
38899
38902
38968
39099
39138
39141
39169
39171
39180
39227
39245
39249
39289
39341
39400
39401
39532
39620
39678
39720
39754
39761
39813
39835
39875
39901
39923
39963
40090
40096
40118
40155
40192
40193
40211
40272
40307
40318
40340
40360
40372
40394
40450
40530
40549
40565
40566
40583
40611
40638
40644
40755
40792
40864
40874
40968
41007
41017
41037
41099
41148
41194
41251
41279
41282
41301
41341
41376
41377
41399
41414
41418
41474
41504
41521
41522
41541
41582
41595
41603
41643
41663
41680
41698
41704
41716
41747
41752
41830
41936
41980
41990
42028
42053
42161
42178
42203
42204
42208
42237
42299
42332
42400
42443
42460
42511
42528
42542
42656
42695
42754
42786
42866
42897
42943
42980
42981
42985
43067
43113
43117
43128
43233
43261
43284
43382
43428
43447
43494
43498
43526
43533
43585
43626
43683
43690
43691
43702
43705
43707
43750
43757
43766
43775
43809
43868
43921
44005
44050
44090
44140
44152
44186
44212
44215
44280
44292
44309
44310
44318
44386
44405
44439
44441
44478
44486
44511
44789
44809
44818
45076
45147
45176
45233
45237
45259
45261
45304
45319
45320
45334
45340
45368
45390
45392
45399
45415
45488
45563
45568
45677
45715
45719
45722
45745
45868
45888
45889
45895
45956
45990
46031
46124
46137
46144
46221
46229
46290
46355
46371
46385
46398
46405
46512
46545
46553
46585
46632
46705
46756
46777
46783
46803
46817
46819
46858
46863
46908
46941
46982
46983
46994
47040
47156
47162
47169
47423
47424
47437
47450
47551
47693
47713
47770
47772
47773
47783
47829
47859
47973
48010
48013
48014
48019
48136
48146
48175
48214
48285
48315
48337
48377
48447
48450
48457
48493
48500
48502
48567
48569
48591
48673
48674
48766
48864
48926
48966
49001
49036
49072
49170
49229
49231
49288
49298
49325
49404
49426
49530
49545
49587
49643
49648
49739
49747
49752
49766
49778
49788
49837
49842
49938
49989
49994
50017
50034
50039
50068
50158
50179
50235
50265
50337
50388
50395
50416
50464
50529
50531
50534
50548
50554
50556
50574
50583
50610
50690
50772
50827
50831
50867
50879
50893
50956
50961
51006
51078
51110
51117
51129
51243
51245
51275
51305
51317
51340
51370
51427
51503
51511
51519
51536
51644
51647
51652
51734
51774
51808
51815
51948
51967
51979
51987
52009
52159
52174
52216
52356
52366
52391
52399
52456
52486
52505
52529
52542
52547
52569
52571
52581
52607
52667
52677
52701
52709
52729
52736
52790
52812
52821
52823
52864
52932
52992
53017
53019
53087
53135
53182
53209
53254
53312
53323
53346
53398
53427
53433
53461
53484
53519
53536
53604
53691
53692
53753
53781
53792
53806
53833
53840
53856
53870
53878
53923
53939
53965
53983
53993
54039
54041
54093
54171
54173
54209
54210
54308
54348
54360
54434
54474
54475
54510
54543
54556
54578
54619
54637
54649
54664
54704
54734
54744
54757
54761
54792
54816
54839
54877
54893
54971
54990
55014
55068
55082
55134
55157
55186
55204
55278
55298
55350
55367
55373
55411
55412
55414
55449
55460
55491
55558
55579
55587
55594
55674
55706
55717
55734
55873
55889
56005
56017
56087
56167
56189
56241
56242
56279
56347
56359
56373
56400
56404
56497
56596
56630
56675
56773
56785
56788
56792
56796
56925
56943
56969
56990
57015
57074
57098
57178
57187
57249
57263
57269
57285
57300
57331
57356
57419
57435
57440
57478
57489
57494
57515
57542
57567
57570
57608
57697
57702
57720
57748
57749
57774
57790
57804
57845
57852
57879
57984
58007
58071
58086
58091
58125
58132
58180
58210
58247
58315
58376
58448
58490
58493
58514
58551
58642
58648
58692
58707
58719
58789
58830
58889
58947
58963
58965
58994
59016
59045
59058
59079
59110
59194
59195
59211
59217
59247
59291
59363
59395
59430
59432
59439
59456
59458
59488
59518
59536
59538
59557
59576
59591
59612
59674
59686
59699
59706
59727
59818
59850
59860
59887
59905
60000
60038
60057
60103
60111
60161
60217
60240
60243
60336
60348
60359
60407
60428
60503
60528
60531
60646
60728
60770
60776
60825
60836
60844
60848
60903
60938
60946
60960
60994
61036
61119
61149
61188
61205
61228
61267
61289
61307
61333
61335
61349
61367
61374
61399
61406
61410
61421
61459
61462
61502
61517
61574
61630
61666
61726
61736
61755
61836
61838
61839
61880
61929
61953
61983
61985
61991
62013
62061
62082
62234
62235
62244
62253
62403
62428
62472
62569
62578
62584
62590
62608
62618
62660
62680
62710
62719
62742
62743
62768
62871
62965
63019
63023
63069
63077
63092
63098
63113
63123
63153
63185
63218
63232
63270
63284
63333
63343
63367
63372
63378
63419
63427
63474
63531
63537
63540
63589
63614
63615
63621
63632
63659
63698
63770
63842
63967
63973
64003
64022
64028
64050
64128
64217
64294
64384
64475
64536
64577
64592
64604
64649
64652
64677
64730
64772
64778
64781
64933
64956
64982
65020
65050
65077
65095
65108
65121
65151
65209
65260
65349
65492
65503
65528
65567
65633
65648
65697
65724
65730
65741
65742
65774
65793
65795
65800
65863
65875
65905
65906
65933
65938
65960
65976
65999
66010
66066
66130
66160
66167
66176
66192
66250
66305
66369
66384
66428
66519
66533
66545
66580
66611
66640
66701
66706
66720
66864
66944
67038
67157
67165
67168
67206
67220
67242
67285
67350
67461
67550
67588
67596
67605
67645
67651
67653
67665
67669
67722
67726
67736
67742
67773
67783
67797
67861
67904
67911
67944
67954
67972
68005
68016
68211
68306
68335
68381
68414
68427
68444
68449
68507
68605
68686
68722
68746
68787
68828
68841
68844
68851
68859
68903
68919
68933
68945
68976
68987
69089
69121
69133
69136
69141
69147
69179
69181
69226
69287
69302
69321
69357
69361
69365
69403
69441
69501
69536
69541
69566
69600
69607
69647
69673
69689
69743
69845
69913
69928
69956
70015
70017
70169
70185
70209
70243
70399
70459
70491
70566
70586
70604
70615
70641
70701
70702
70741
70805
70810
70814
70853
70877
70934
70937
70987
71001
71104
71113
71118
71127
71202
71225
71242
71334
71342
71354
71395
71417
71432
71440
71457
71527
71535
71559
71645
71649
71654
71783
71867
71883
71886
71918
71933
71993
72026
72035
72074
72075
72108
72122
72144
72215
72220
72227
72264
72323
72354
72380
72389
72408
72428
72554
72565
72597
72613
72614
72657
72677
72682
72709
72778
72839
72882
72917
72928
72970
72975
73036
73058
73083
73092
73113
73117
73159
73186
73219
73233
73234
73257
73269
73276
73311
73346
73395
73454
73492
73512
73591
73598
73615
73681
73683
73716
73718
73721
73723
73732
73736
73748
73778
73794
73808
73856
73877
73936
73955
74022
74055
74083
74135
74154
74179
74213
74216
74260
74316
74329
74365
74419
74456
74489
74528
74537
74584
74586
74587
74632
74644
74655
74683
74718
74757
74761
74776
74780
74783
74835
74920
74931
74945
74950
74955
74967
75076
75186
75188
75201
75229
75261
75329
75341
75390
75458
75488
75497
75510
75516
75549
75588
75635
75645
75658
75679
75698
75736
75742
75752
75787
75788
75794
75822
75849
75868
75909
75932
75950
75969
76054
76150
76169
76235
76324
76327
76353
76369
76461
76527
76696
76725
76727
76731
76790
76849
76957
76998
77055
77065
77095
77096
77124
77170
77177
77190
77302
77311
77327
77342
77344
77359
77376
77483
77498
77500
77580
77598
77686
77721
77734
77759
77761
77771
77869
77873
77886
77889
78062
78167
78185
78191
78199
78203
78211
78217
78235
78268
78273
78324
78347
78385
78422
78447
78451
78481
78490
78558
78571
78611
78737
78744
78753
78761
78785
78811
78836
78879
78941
78972
78993
79013
79042
79099
79140
79177
79197
79208
79225
79230
79351
79400
79478
79484
79497
79521
79523
79577
79580
79679
79715
79728
79746
79812
79820
79855
79904
79906
79955
79956
80102
80130
80166
80185
80189
80195
80255
80259
80273
80310
80356
80366
80410
80415
80422
80424
80434
80443
80452
80572
80615
80649
80659
80663
80721
80722
80725
80763
80947
80961
80990
80998
81018
81035
81060
81064
81069
81134
81137
81160
81229
81257
81293
81297
81317
81329
81357
81436
81460
81464
81555
81561
81575
81589
81615
81670
81675
81753
81837
81844
81877
81882
81954
81991
82007
82018
82028
82102
82128
82142
82189
82244
82284
82364
82365
82400
82421
82460
82495
82514
82537
82543
82548
82607
82610
82677
82678
82755
82756
82767
82782
82784
82845
82846
82896
82907
82978
83133
83189
83280
83288
83294
83343
83395
83401
83477
83498
83501
83515
83530
83579
83610
83630
83652
83723
83740
83760
83762
83795
83854
83928
84002
84029
84052
84070
84080
84156
84172
84174
84187
84276
84298
84384
84388
84403
84446
84685
84687
84784
84829
84874
84881
84883
84908
84909
84979
84995
85008
85130
85147
85303
85305
85340
85383
85387
85457
85465
85474
85490
85538
85582
85691
85712
85757
85765
85781
85803
85830
85879
85888
85893
85904
85934
86028
86091
86107
86119
86122
86142
86190
86191
86195
86264
86265
86285
86316
86329
86331
86332
86419
86431
86503
86531
86547
86601
86675
86735
86742
86763
86775
86818
86822
86836
86852
86861
86883
86925
86951
86970
86981
87013
87059
87090
87142
87148
87151
87188
87223
87231
87330
87394
87487
87494
87534
87562
87638
87641
87643
87656
87680
87731
87738
87746
87771
87816
87822
87896
87918
88005
88059
88106
88131
88187
88252
88275
88295
88308
88322
88323
88374
88375
88380
88449
88464
88473
88543
88597
88642
88659
88784
88815
88823
88836
88865
88866
88875
88884
89018
89062
89076
89114
89160
89167
89256
89354
89416
89421
89479
89610
89753
89795
89880
89898
89901
89939
89965
90028
90066
90093
90166
90167
90174
90218
90221
90239
90298
90334
90375
90490
90532
90583
90607
90609
90622
90629
90644
90657
90718
90784
90804
90833
90835
90848
90916
90931
90944
90977
90978
91015
91038
91060
91063
91105
91162
91184
91185
91229
91331
91402
91403
91405
91417
91446
91449
91452
91472
91473
91498
91503
91590
91652
91661
91726
91742
91750
91752
91765
91803
91929
91992
92035
92120
92152
92190
92322
92325
92328
92331
92376
92413
92425
92512
92521
92687
92720
92739
92755
92763
92779
92803
92849
92865
92889
92943
92994
92997
93019
93038
93070
93099
93122
93141
93142
93150
93218
93224
93227
93238
93239
93284
93288
93356
93360
93389
93460
93467
93501
93504
93553
93557
93581
93615
93626
93648
93662
93706
93730
93759
93798
93820
93821
93822
93833
93975
94073
94102
94136
94138
94239
94249
94258
94304
94320
94330
94342
94373
94385
94496
94526
94547
94569
94673
94689
94697
94699
94758
94797
94825
94964
95014
95016
95110
95124
95140
95176
95193
95198
95207
95219
95226
95249
95253
95344
95345
95375
95383
95430
95444
95447
95464
95508
95531
95564
95606
95667
95748
95762
95769
95787
95814
95819
95826
95857
95860
95876
95906
95910
95959
96044
96056
96157
96161
96174
96272
96284
96299
96313
96493
96496
96503
96562
96606
96637
96682
96762
96815
96832
96877
96898
96912
96985
96988
97064
97066
97118
97135
97147
97210
97223
97252
97267
97273
97285
97297
97306
97345
97396
97529
97532
97551
97616
97659
97726
97798
97824
97855
97901
97922
97946
97979
97982
97993
98007
98050
98096
98137
98179
98192
98198
98222
98239
98259
98273
98279
98290
98334
98353
98371
98372
98442
98461
98462
98497
98545
98559
98578
98620
98781
98813
98840
98853
98938
98948
99044
99061
99081
99124
99135
99141
99208
99290
99332
99346
99424
99457
99514
99551
99553
99569
99625
99639
99667
99678
99689
99713
99858
99899
99934
99957
99959
99960
99966
99976
99997
