6
7
8
9
10
11
13
16
18
20
21
22
23
26
27
28
30
31
33
34
39
40
42
45
51
52
55
57
59
60
61
65
67
68
71
72
75
77
79
84
87
92
93
97
98
99
111
112
114
115
116
118
123
124
125
129
130
134
137
139
140
141
150
151
154
156
157
158
159
160
162
170
174
175
176
177
178
181
185
186
189
190
193
194
195
198
199
202
203
204
209
210
211
212
213
218
220
221
224
225
226
227
228
231
232
233
234
235
237
238
239
240
241
243
244
245
246
248
251
253
256
257
260
261
263
264
265
268
270
272
273
277
279
281
287
288
290
291
292
294
295
299
300
301
302
303
305
306
307
308
312
313
315
316
317
318
319
320
321
327
329
330
333
336
339
341
343
345
348
349
350
352
353
355
356
357
360
362
363
364
369
370
372
373
374
376
378
379
380
382
384
392
395
398
399
400
401
402
404
405
407
410
412
413
417
419
421
423
426
428
429
432
433
435
438
439
442
443
445
447
448
452
453
454
460
464
467
469
470
472
475
476
481
482
484
486
487
489
490
491
493
494
495
496
499
500
504
505
506
508
509
510
511
513
515
517
519
520
522
526
527
528
530
531
532
533
536
537
541
543
545
546
547
548
549
553
555
557
559
560
563
564
565
567
574
575
576
579
586
587
588
589
590
592
593
598
601
603
605
606
608
609
610
613
614
617
621
622
623
624
625
626
627
632
633
634
635
636
642
644
647
648
649
650
651
653
654
655
657
658
659
661
663
665
666
667
668
670
671
673
674
675
677
681
682
683
684
685
686
690
692
693
699
700
701
702
704
705
706
707
708
710
711
712
715
716
717
720
721
723
725
726
729
730
732
733
734
735
736
741
742
743
745
747
748
750
751
752
753
754
756
757
759
762
766
768
769
773
775
776
778
780
782
783
784
787
790
795
798
804
806
807
810
811
812
815
817
818
820
821
822
823
824
827
829
830
831
833
836
839
840
841
842
844
845
847
848
850
854
856
858
859
861
862
864
868
869
870
871
873
875
879
880
883
884
885
886
889
893
894
897
898
900
904
906
911
914
915
917
918
919
920
922
923
924
926
927
928
931
932
934
938
939
940
941
943
944
945
947
948
949
958
959
960
963
965
967
968
969
975
976
977
978
979
981
982
983
984
985
992
995
996
997
1000
1003
1005
1006
1008
1009
1011
1014
1015
1018
1019
1021
1024
1026
1027
1031
1032
1033
1035
1037
1038
1040
1042
1044
1049
1052
1053
1056
1057
1059
1060
1062
1063
1064
1067
1069
1073
1075
1078
1080
1081
1082
1085
1090
1093
1101
1102
1103
1104
1105
1106
1109
1112
1120
1122
1124
1126
1129
1131
1140
1142
1143
1146
1147
1148
1154
1155
1158
1168
1169
1170
1174
1176
1177
1178
1181
1182
1184
1185
1186
1191
1192
1193
1195
1196
1197
1198
1199
1202
1204
1205
1208
1209
1210
1211
1212
1213
1214
1216
1217
1222
1223
1224
1225
1226
1227
1229
1230
1233
1234
1236
1237
1238
1239
1243
1246
1247
1249
1255
1259
1260
1262
1263
1265
1267
1270
1271
1276
1277
1278
1281
1282
1283
1284
1285
1287
1289
1290
1293
1294
1295
1296
1297
1298
1302
1303
1304
1306
1308
1311
1312
1314
1315
1318
1319
1321
1322
1324
1326
1327
1328
1332
1334
1335
1336
1339
1344
1345
1346
1348
1351
1352
1353
1359
1363
1365
1366
1367
1368
1369
1370
1372
1373
1374
1375
1376
1379
1380
1382
1385
1386
1387
1391
1393
1394
1395
1397
1399
1401
1402
1405
1408
1410
1412
1413
1416
1418
1419
1424
1426
1428
1429
1431
1434
1436
1438
1439
1441
1442
1444
1446
1449
1450
1451
1453
1456
1457
1462
1468
1469
1471
1472
1475
1476
1477
1479
1481
1482
1485
1487
1488
1490
1491
1494
1495
1496
1498
1505
1506
1507
1508
1514
1515
1517
1518
1519
1520
1522
1523
1524
1526
1527
1528
1529
1530
1532
1533
1535
1538
1539
1540
1541
1544
1545
1546
1548
1550
1551
1553
1556
1557
1560
1561
1563
1568
1572
1582
1583
1585
1587
1588
1589
1590
1591
1592
1598
1604
1607
1608
1611
1613
1614
1616
1618
1619
1620
1622
1625
1629
1630
1632
1635
1637
1640
1641
1646
1647
1650
1652
1653
1655
1657
1658
1659
1662
1663
1664
1666
1667
1668
1669
1671
1672
1673
1674
1675
1678
1679
1680
1681
1682
1683
1684
1685
1686
1688
1690
1692
1693
1694
1699
1703
1704
1706
1708
1711
1712
1713
1714
1716
1719
1725
1726
1727
1728
1730
1731
1734
1735
1739
1742
1743
1744
1746
1749
1756
1757
1759
1760
1761
1763
1767
1769
1770
1771
1774
1775
1776
1777
1778
1781
1784
1787
1791
1792
1794
1796
1797
1800
1804
1806
1807
1809
1811
1815
1820
1822
1823
1824
1825
1827
1828
1829
1832
1833
1834
1835
1836
1840
1844
1848
1851
1854
1856
1858
1859
1860
1862
1863
1867
1868
1869
1873
1874
1875
1876
1879
1881
1882
1883
1884
1885
1886
1890
1891
1893
1894
1899
1900
1904
1908
1910
1911
1912
1916
1917
1919
1920
1923
1924
1925
1926
1927
1929
1930
1933
1934
1936
1938
1939
1940
1942
1943
1944
1945
1949
1950
1957
1960
1962
1964
1965
1966
1970
1972
1973
1975
1976
1978
1980
1981
1986
1989
1990
1991
1993
1995
1996
2000
2002
2003
2008
2009
2010
2011
2012
2013
2014
2017
2020
2022
2023
2024
2025
2026
2031
2033
2034
2035
2037
2038
2043
2044
2048
2052
2054
2057
2058
2061
2066
2067
2070
2071
2074
2082
2085
2086
2087
2093
2095
2100
2104
2105
2106
2111
2112
2120
2121
2122
2127
2129
2130
2131
2133
2138
2140
2141
2142
2145
2146
2147
2148
2149
2150
2151
2156
2158
2160
2163
2164
2166
2167
2169
2170
2173
2174
2176
2177
2178
2179
2182
2186
2187
2189
2190
2191
2192
2195
2196
2201
2205
2206
2208
2210
2211
2212
2213
2215
2220
2221
2223
2224
2225
2226
2228
2232
2235
2238
2240
2241
2242
2243
2246
2251
2254
2258
2259
2260
2261
2265
2267
2268
2271
2273
2275
2277
2278
2283
2287
2288
2289
2290
2291
2292
2293
2297
2302
2303
2304
2305
2306
2308
2309
2312
2313
2316
2318
2319
2320
2323
2325
2327
2331
2332
2337
2345
2346
2347
2348
2349
2350
2355
2357
2358
2359
2360
2362
2363
2364
2366
2368
2369
2373
2375
2376
2378
2380
2382
2383
2384
2385
2386
2390
2392
2393
2395
2396
2398
2400
2407
2408
2413
2416
2417
2419
2420
2421
2423
2428
2429
2432
2434
2437
2438
2440
2443
2448
2449
2450
2453
2454
2456
2457
2462
2463
2464
2468
2471
2472
2473
2477
2478
2479
2480
2485
2486
2488
2489
2491
2494
2496
2498
2499
2507
2510
2511
2515
2517
2518
2519
2522
2525
2526
2527
2530
2534
2538
2539
2540
2543
2547
2549
2553
2555
2559
2560
2561
2562
2563
2564
2567
2569
2571
2572
2573
2575
2577
2581
2582
2587
2588
2591
2592
2595
2597
2599
2600
2601
2603
2604
2608
2609
2610
2611
2612
2614
2615
2616
2617
2618
2619
2620
2621
2625
2633
2635
2636
2643
2648
2649
2653
2654
2655
2656
2657
2660
2662
2663
2666
2668
2669
2672
2673
2675
2678
2679
2681
2682
2683
2684
2685
2688
2690
2691
2693
2694
2698
2699
2700
2701
2702
2703
2704
2706
2708
2710
2712
2715
2716
2719
2720
2721
2724
2725
2727
2728
2734
2735
2737
2739
2740
2742
2744
2745
2746
2747
2750
2751
2752
2753
2756
2757
2758
2759
2761
2762
2766
2767
2769
2772
2773
2774
2777
2781
2782
2784
2790
2791
2793
2794
2797
2798
2799
2803
2804
2805
2806
2807
2808
2809
2811
2812
2813
2816
2817
2818
2819
2823
2824
2827
2828
2832
2834
2835
2836
2839
2841
2842
2843
2845
2846
2848
2849
2850
2852
2856
2862
2864
2866
2867
2868
2870
2871
2875
2876
2877
2878
2879
2880
2882
2883
2885
2886
2887
2888
2890
2894
2897
2898
2899
2900
2903
2904
2905
2909
2911
2915
2916
2917
2920
2923
2925
2927
2928
2930
2934
2936
2938
2939
2940
2944
2945
2946
2947
2948
2950
2951
2953
2955
2956
2957
2959
2960
2962
2963
2964
2969
2971
2973
2974
2976
2977
2979
2983
2984
2985
2988
2992
2993
2996
3000
3001
3002
3004
3005
3006
3009
3010
3011
3012
3013
3016
3017
3018
3021
3023
3029
3030
3031
3034
3037
3040
3042
3043
3045
3046
3049
3053
3054
3055
3056
3058
3059
3062
3064
3067
3068
3069
3070
3071
3072
3075
3080
3084
3085
3088
3089
3091
3092
3093
3095
3096
3098
3102
3105
3109
3114
3115
3116
3119
3122
3123
3130
3135
3136
3141
3142
3143
3145
3146
3147
3148
3149
3150
3152
3155
3156
3159
3165
3167
3168
3170
3171
3174
3178
3179
3180
3181
3182
3184
3187
3189
3190
3192
3193
3194
3196
3201
3202
3203
3205
3207
3210
3212
3218
3220
3223
3226
3228
3230
3233
3236
3237
3239
3240
3250
3251
3253
3254
3255
3257
3260
3261
3262
3263
3264
3266
3267
3268
3270
3271
3272
3273
3274
3275
3279
3281
3283
3285
3286
3287
3288
3289
3290
3291
3293
3294
3295
3296
3297
3299
3300
3303
3304
3305
3308
3310
3311
3313
3314
3315
3316
3317
3318
3319
3323
3325
3332
3334
3336
3339
3341
3343
3344
3345
3347
3349
3352
3354
3355
3356
3359
3360
3368
3372
3376
3380
3382
3385
3386
3390
3391
3392
3393
3394
3395
3398
3399
3401
3402
3404
3406
3412
3413
3416
3417
3418
3419
3421
3422
3423
3425
3431
3433
3434
3436
3437
3439
3440
3443
3444
3445
3446
3449
3450
3451
3453
3454
3457
3461
3462
3463
3464
3466
3469
3470
3473
3475
3476
3480
3481
3482
3483
3484
3485
3487
3488
3489
3490
3493
3494
3495
3499
3501
3502
3503
3505
3507
3509
3510
3512
3513
3520
3522
3523
3525
3527
3528
3529
3530
3531
3532
3533
3537
3538
3541
3543
3544
3546
3547
3549
3550
3552
3556
3558
3560
3565
3567
3568
3569
3571
3572
3574
3578
3580
3581
3582
3583
3584
3586
3591
3592
3593
3595
3597
3598
3600
3604
3605
3610
3611
3612
3615
3616
3619
3620
3626
3631
3633
3635
3636
3640
3642
3644
3645
3647
3648
3651
3653
3656
3660
3661
3664
3665
3667
3668
3670
3673
3675
3680
3681
3683
3684
3685
3686
3687
3689
3692
3696
3697
3699
3702
3704
3705
3706
3708
3713
3715
3717
3718
3719
3720
3721
3722
3723
3726
3727
3728
3729
3730
3732
3734
3737
3738
3741
3744
3745
3750
3751
3752
3754
3755
3758
3759
3761
3765
3768
3770
3773
3774
3776
3777
3778
3779
3780
3783
3784
3785
3788
3791
3792
3793
3794
3799
3800
3802
3804
3805
3807
3808
3809
3813
3816
3817
3818
3819
3820
3821
3822
3824
3827
3830
3831
3833
3834
3835
3836
3837
3838
3839
3841
3842
3843
3844
3845
3849
3850
3851
3853
3855
3858
3859
3860
3861
3862
3864
3867
3869
3872
3873
3875
3876
3879
3881
3882
3884
3886
3889
3890
3892
3896
3897
3899
3900
3901
3902
3904
3907
3909
3912
3913
3914
3915
3916
3918
3920
3921
3922
3923
3924
3926
3927
3928
3931
3932
3933
3935
3938
3939
3940
3942
3944
3945
3951
3956
3958
3959
3961
3962
3963
3964
3966
3968
3970
3971
3972
3973
3975
3979
3981
3982
3983
3985
3987
3988
3991
3993
3994
3995
3999
4003
4004
4005
4006
4007
4009
4010
4012
4013
4015
4016
4017
4019
4020
4022
4023
4028
4030
4032
4033
4034
4035
4036
4037
4039
4042
4046
4050
4051
4052
4053
4058
4059
4061
4063
4064
4066
4070
4071
4072
4073
4074
4076
4078
4082
4083
4086
4087
4088
4089
4091
4092
4093
4095
4096
4097
4098
4103
4105
4106
4107
4108
4109
4112
4115
4116
4117
4121
4126
4127
4129
4130
4132
4133
4134
4135
4138
4139
4140
4143
4145
4146
4148
4150
4151
4152
4154
4155
4159
4161
4163
4164
4165
4166
4168
4170
4171
4172
4174
4176
4177
4178
4181
4182
4184
4185
4186
4191
4193
4197
4199
4201
4204
4205
4206
4208
4210
4211
4212
4213
4215
4217
4219
4220
4221
4222
4223
4226
4228
4231
4234
4237
4242
4245
4247
4251
4253
4259
4261
4262
4263
4267
4268
4269
4271
4275
4276
4282
4284
4285
4286
4287
4288
4291
4292
4294
4295
4296
4298
4302
4304
4305
4306
4307
4308
4312
4313
4316
4320
4321
4322
4323
4324
4327
4329
4331
4332
4339
4340
4341
4345
4348
4354
4358
4359
4361
4365
4366
4369
4370
4372
4373
4376
4380
4382
4383
4385
4388
4390
4391
4392
4394
4395
4396
4397
4400
4403
4404
4407
4409
4411
4412
4413
4417
4418
4419
4420
4422
4424
4425
4427
4429
4432
4436
4437
4439
4441
4445
4446
4447
4451
4454
4456
4460
4464
4465
4466
4467
4468
4470
4475
4476
4477
4478
4480
4481
4483
4484
4485
4487
4491
4492
4493
4494
4496
4497
4499
4500
4502
4503
4504
4506
4511
4515
4516
4517
4518
4519
4522
4524
4525
4529
4532
4533
4535
4539
4540
4542
4546
4548
4550
4554
4555
4556
4557
4559
4561
4562
4564
4565
4566
4567
4568
4569
4570
4571
4572
4573
4577
4581
4586
4587
4589
4590
4594
4595
4596
4597
4600
4601
4605
4607
4608
4611
4613
4616
4618
4619
4622
4625
4626
4628
4630
4632
4635
4638
4641
4642
4643
4647
4648
4653
4654
4655
4657
4658
4663
4664
4670
4671
4674
4677
4679
4681
4682
4684
4685
4690
4691
4692
4694
4695
4697
4699
4700
4701
4702
4708
4712
4717
4719
4720
4722
4724
4729
4730
4731
4732
4734
4738
4739
4740
4743
4745
4747
4750
4755
4756
4757
4759
4762
4764
4765
4766
4768
4769
4770
4771
4773
4775
4777
4778
4780
4782
4783
4789
4790
4791
4795
4797
4800
4801
4802
4803
4804
4806
4807
4809
4810
4811
4812
4813
4814
4815
4817
4821
4824
4825
4828
4831
4833
4835
4836
4838
4839
4840
4842
4843
4845
4851
4853
4855
4857
4858
4859
4862
4864
4873
4874
4879
4880
4881
4883
4884
4885
4886
4890
4892
4897
4902
4904
4905
4906
4918
4920
4924
4926
4927
4928
4929
4930
4931
4934
4935
4936
4937
4940
4942
4943
4944
4946
4947
4949
4950
4951
4953
4955
4956
4958
4959
4960
4964
4965
4970
4972
4973
4976
4977
4980
4982
4985
4987
4988
4989
4991
4993
4997
5001
5002
5003
5004
5009
5010
5012
5015
5017
5018
5019
5020
5021
5022
5023
5025
5027
5028
5029
5032
5035
5036
5038
5040
5042
5043
5046
5047
5049
5054
5057
5059
5062
5066
5071
5072
5073
5076
5077
5079
5086
5087
5092
5098
5099
5101
5102
5103
5104
5106
5108
5109
5112
5115
5118
5119
5121
5122
5123
5125
5126
5130
5131
5133
5135
5136
5138
5141
5142
5144
5146
5148
5149
5150
5159
5160
5161
5162
5163
5164
5168
5169
5171
5174
5175
5176
5180
5182
5187
5192
5194
5195
5197
5199
5201
5202
5203
5206
5208
5209
5210
5211
5212
5214
5216
5217
5219
5222
5223
5224
5226
5228
5230
5231
5232
5234
5235
5237
5239
5240
5245
5246
5247
5248
5253
5256
5257
5259
5261
5262
5263
5266
5268
5272
5274
5275
5279
5280
5281
5283
5285
5287
5289
5293
5294
5295
5297
5300
5301
5303
5305
5306
5307
5308
5309
5310
5311
5312
5317
5318
5319
5320
5321
5323
5325
5327
5329
5331
5332
5333
5334
5335
5339
5341
5344
5345
5348
5350
5351
5352
5353
5354
5355
5358
5359
5363
5365
5366
5368
5369
5372
5377
5379
5380
5381
5383
5384
5387
5389
5390
5391
5398
5399
5400
5401
5402
5405
5407
5408
5411
5414
5416
5417
5418
5420
5424
5425
5428
5429
5430
5433
5434
5435
5440
5442
5443
5445
5450
5451
5453
5454
5455
5456
5462
5464
5465
5466
5470
5472
5473
5474
5475
5476
5478
5479
5480
5481
5482
5484
5485
5487
5488
5489
5490
5491
5494
5499
5500
5503
5505
5506
5507
5508
5510
5511
5513
5515
5516
5517
5521
5526
5532
5533
5534
5535
5536
5537
5539
5541
5542
5543
5544
5545
5546
5547
5549
5550
5552
5553
5556
5559
5560
5564
5566
5569
5571
5577
5578
5583
5584
5585
5586
5587
5588
5589
5590
5592
5596
5597
5598
5602
5603
5606
5607
5608
5609
5612
5616
5617
5618
5619
5620
5621
5622
5626
5628
5632
5640
5643
5644
5650
5653
5656
5657
5658
5660
5662
5665
5666
5667
5673
5674
5678
5679
5681
5682
5683
5684
5685
5687
5694
5696
5697
5699
5701
5702
5704
5705
5706
5707
5709
5710
5711
5712
5715
5716
5718
5722
5725
5727
5728
5730
5731
5735
5739
5743
5745
5748
5749
5752
5754
5756
5757
5760
5765
5766
5767
5770
5774
5775
5776
5782
5787
5790
5791
5793
5795
5796
5799
5802
5803
5806
5807
5808
5810
5812
5815
5817
5819
5820
5821
5822
5823
5824
5827
5830
5831
5832
5833
5834
5835
5836
5837
5838
5841
5842
5844
5846
5850
5852
5856
5857
5859
5860
5861
5863
5864
5865
5866
5868
5869
5870
5871
5872
5873
5874
5875
5878
5879
5880
5881
5885
5886
5887
5890
5892
5893
5894
5895
5898
5903
5904
5907
5910
5912
5914
5916
5917
5920
5924
5928
5934
5936
5937
5939
5950
5951
5952
5954
5955
5957
5960
5962
5966
5967
5970
5971
5975
5976
5979
5980
5981
5983
5984
5988
5989
5990
5991
5992
5995
5996
5997
6001
6003
6007
6008
6009
6012
6014
6015
6016
6017
6018
6019
6021
6022
6023
6025
6037
6039
6040
6041
6042
6047
6051
6052
6053
6055
6056
6058
6060
6062
6063
6065
6068
6069
6070
6072
6074
6077
6078
6080
6083
6084
6085
6086
6088
6090
6091
6092
6095
6096
6097
6098
6109
6111
6115
6116
6117
6118
6120
6121
6123
6124
6127
6130
6143
6146
6147
6148
6152
6153
6154
6156
6158
6159
6160
6161
6163
6164
6167
6170
6171
6175
6177
6185
6186
6191
6192
6193
6196
6199
6200
6203
6206
6207
6210
6212
6214
6215
6216
6217
6223
6224
6225
6226
6229
6230
6231
6232
6233
6235
6236
6239
6240
6242
6243
6244
6245
6247
6248
6249
6252
6254
6255
6257
6258
6259
6261
6263
6264
6265
6267
6268
6270
6272
6274
6275
6276
6278
6279
6280
6282
6283
6285
6287
6288
6289
6290
6293
6294
6297
6299
6300
6301
6304
6307
6309
6311
6312
6313
6315
6316
6318
6319
6321
6324
6327
6328
6330
6331
6332
6334
6335
6341
6343
6344
6346
6349
6353
6356
6357
6358
6360
6361
6362
6363
6369
6371
6372
6375
6377
6381
6382
6383
6385
6386
6389
6390
6391
6393
6394
6395
6398
6400
6403
6404
6405
6407
6409
6411
6413
6415
6417
6418
6422
6423
6424
6426
6427
6429
6430
6433
6435
6439
6440
6441
6442
6443
6448
6455
6456
6457
6464
6465
6469
6470
6473
6474
6475
6477
6479
6480
6483
6485
6486
6487
6488
6489
6490
6493
6497
6498
6499
6500
6501
6502
6504
6507
6508
6511
6513
6514
6516
6517
6521
6522
6525
6526
6527
6530
6532
6533
6537
6539
6540
6544
6545
6546
6550
6551
6552
6555
6559
6560
6562
6563
6565
6569
6570
6573
6574
6575
6576
6579
6580
6582
6584
6586
6587
6588
6591
6593
6596
6597
6598
6599
6601
6602
6604
6605
6608
6609
6612
6616
6617
6618
6620
6622
6623
6624
6627
6628
6630
6631
6632
6638
6640
6641
6642
6644
6646
6647
6648
6653
6655
6658
6659
6660
6663
6664
6666
6667
6668
6669
6674
6675
6677
6681
6683
6687
6688
6689
6690
6693
6694
6695
6697
6698
6701
6703
6704
6705
6706
6708
6710
6712
6713
6716
6718
6719
6720
6721
6722
6724
6727
6728
6729
6731
6732
6733
6734
6735
6736
6739
6740
6742
6744
6745
6747
6748
6753
6754
6755
6756
6757
6758
6759
6761
6763
6767
6768
6770
6774
6775
6776
6779
6781
6782
6784
6785
6787
6790
6792
6793
6799
6800
6804
6808
6809
6810
6811
6812
6813
6814
6817
6821
6823
6824
6826
6827
6829
6830
6831
6832
6833
6834
6835
6838
6839
6840
6841
6843
6845
6846
6848
6849
6850
6851
6852
6853
6855
6856
6859
6860
6862
6863
6866
6867
6869
6870
6871
6872
6873
6874
6875
6877
6881
6883
6884
6885
6886
6888
6889
6890
6892
6893
6895
6898
6899
6904
6905
6910
6913
6915
6917
6921
6928
6929
6931
6933
6937
6938
6939
6940
6941
6942
6945
6946
6950
6952
6953
6954
6958
6960
6962
6963
6964
6965
6969
6970
6971
6972
6974
6978
6980
6981
6989
6990
6992
6993
6994
6996
6997
6998
7001
7003
7008
7012
7014
7017
7018
7023
7028
7029
7032
7034
7036
7038
7040
7041
7043
7044
7046
7047
7049
7050
7054
7056
7057
7058
7060
7061
7062
7066
7068
7069
7073
7076
7082
7088
7093
7096
7097
7098
7099
7100
7103
7106
7107
7108
7109
7111
7112
7113
7115
7116
7117
7118
7120
7121
7122
7125
7126
7128
7130
7131
7133
7134
7138
7139
7142
7144
7146
7147
7148
7150
7155
7158
7160
7161
7163
7166
7167
7168
7170
7171
7174
7175
7177
7184
7185
7188
7197
7199
7202
7203
7204
7207
7209
7212
7216
7217
7220
7222
7223
7226
7227
7228
7230
7231
7233
7234
7237
7238
7239
7241
7243
7245
7246
7247
7248
7249
7251
7252
7253
7255
7256
7259
7261
7262
7265
7266
7267
7269
7270
7271
7272
7273
7276
7277
7279
7281
7283
7285
7286
7292
7293
7294
7298
7304
7305
7306
7307
7308
7309
7310
7312
7313
7314
7315
7317
7320
7325
7327
7329
7330
7332
7333
7334
7335
7336
7339
7340
7342
7343
7344
7347
7350
7351
7353
7355
7356
7361
7363
7365
7368
7369
7370
7372
7373
7376
7384
7385
7387
7388
7390
7391
7392
7393
7395
7397
7398
7402
7407
7409
7413
7414
7416
7418
7419
7420
7425
7426
7427
7430
7431
7432
7436
7439
7442
7443
7444
7445
7446
7447
7450
7451
7453
7457
7458
7460
7461
7462
7464
7465
7466
7471
7473
7477
7478
7479
7480
7482
7483
7485
7487
7489
7490
7494
7499
7500
7502
7506
7507
7508
7510
7511
7513
7514
7516
7521
7524
7525
7527
7531
7533
7534
7535
7540
7541
7543
7546
7548
7553
7554
7555
7558
7559
7560
7563
7566
7567
7568
7569
7571
7574
7576
7577
7580
7581
7582
7583
7586
7587
7588
7589
7590
7591
7592
7593
7597
7599
7600
7601
7602
7605
7606
7607
7608
7615
7617
7621
7622
7624
7625
7628
7629
7634
7635
7636
7637
7639
7647
7648
7650
7651
7654
7657
7661
7662
7663
7667
7668
7669
7672
7673
7674
7680
7681
7691
7693
7694
7701
7704
7708
7709
7711
7712
7713
7714
7715
7716
7722
7723
7727
7730
7732
7736
7737
7738
7740
7741
7742
7744
7749
7750
7753
7754
7756
7757
7760
7763
7764
7766
7771
7773
7777
7778
7779
7780
7781
7783
7784
7785
7789
7791
7796
7797
7798
7799
7800
7803
7806
7807
7808
7809
7811
7812
7814
7816
7817
7818
7819
7820
7821
7826
7827
7828
7834
7835
7839
7841
7849
7850
7851
7856
7857
7859
7864
7865
7868
7869
7871
7874
7875
7876
7878
7879
7880
7881
7882
7883
7884
7885
7886
7887
7888
7889
7890
7896
7899
7900
7907
7910
7912
7913
7914
7915
7916
7919
7922
7923
7924
7925
7928
7930
7933
7934
7936
7937
7938
7940
7945
7946
7947
7951
7954
7956
7957
7959
7961
7962
7963
7964
7965
7968
7971
7977
7979
7980
7982
7986
7988
7990
7991
7995
7996
7998
8000
8002
8004
8006
8007
8010
8012
8013
8016
8017
8018
8019
8022
8026
8028
8029
8032
8033
8040
8048
8051
8052
8055
8056
8057
8059
8060
8064
8065
8066
8070
8071
8074
8076
8077
8078
8079
8081
8082
8083
8084
8085
8086
8087
8091
8092
8094
8097
8098
8101
8103
8104
8105
8109
8114
8116
8117
8118
8119
8120
8122
8124
8126
8127
8128
8131
8134
8135
8136
8137
8138
8139
8141
8142
8143
8144
8146
8147
8150
8151
8152
8153
8154
8156
8159
8161
8162
8164
8166
8167
8169
8176
8178
8180
8185
8189
8191
8200
8202
8204
8205
8206
8208
8210
8212
8214
8215
8219
8224
8226
8228
8229
8237
8238
8239
8241
8242
8243
8246
8247
8249
8252
8253
8259
8262
8266
8271
8276
8277
8278
8279
8280
8281
8283
8285
8286
8288
8289
8290
8293
8294
8301
8305
8308
8312
8314
8315
8317
8318
8320
8326
8329
8331
8336
8339
8341
8343
8347
8351
8352
8353
8354
8357
8358
8359
8360
8361
8362
8363
8366
8368
8371
8372
8373
8374
8375
8376
8379
8380
8382
8384
8385
8386
8387
8389
8390
8392
8397
8399
8400
8405
8408
8409
8410
8411
8416
8417
8419
8420
8424
8429
8430
8433
8434
8435
8437
8440
8441
8442
8444
8445
8446
8449
8450
8451
8453
8455
8456
8460
8461
8462
8465
8468
8470
8471
8475
8476
8478
8479
8483
8484
8488
8489
8490
8491
8492
8493
8494
8497
8501
8505
8507
8508
8509
8510
8511
8512
8515
8516
8517
8518
8520
8522
8525
8531
8533
8535
8539
8541
8544
8545
8547
8548
8549
8555
8559
8561
8562
8563
8565
8566
8567
8569
8573
8574
8575
8577
8578
8579
8583
8584
8585
8588
8589
8590
8591
8592
8593
8595
8597
8598
8601
8602
8605
8606
8608
8610
8613
8617
8619
8622
8623
8624
8625
8626
8630
8632
8633
8635
8636
8638
8643
8647
8648
8650
8652
8653
8655
8658
8661
8662
8665
8666
8667
8669
8670
8672
8681
8682
8683
8684
8685
8686
8687
8688
8692
8696
8698
8702
8703
8709
8710
8712
8715
8716
8721
8722
8723
8724
8725
8729
8730
8732
8733
8736
8737
8741
8742
8743
8744
8747
8749
8750
8752
8758
8760
8763
8767
8768
8769
8775
8776
8777
8779
8783
8784
8785
8786
8788
8789
8791
8792
8795
8798
8799
8800
8801
8802
8803
8805
8806
8813
8814
8815
8819
8820
8825
8829
8830
8831
8833
8834
8838
8842
8845
8846
8849
8852
8855
8863
8865
8869
8870
8874
8875
8876
8879
8882
8883
8884
8885
8887
8889
8891
8892
8894
8896
8898
8900
8903
8904
8905
8907
8909
8912
8913
8914
8915
8918
8920
8921
8923
8924
8925
8926
8929
8931
8932
8933
8934
8936
8938
8939
8948
8951
8952
8953
8955
8956
8957
8958
8959
8960
8961
8962
8963
8967
8968
8971
8973
8974
8976
8977
8987
8988
8991
8993
8995
8996
9001
9003
9006
9007
9009
9010
9011
9013
9015
9016
9017
9020
9021
9022
9025
9027
9028
9029
9030
9031
9034
9035
9037
9039
9041
9045
9047
9048
9049
9050
9052
9053
9054
9055
9057
9059
9066
9067
9068
9069
9070
9072
9076
9077
9084
9086
9087
9088
9089
9090
9095
9097
9100
9101
9104
9106
9107
9109
9112
9113
9115
9116
9118
9119
9122
9123
9129
9131
9137
9138
9140
9141
9148
9150
9151
9154
9155
9159
9161
9162
9164
9165
9167
9169
9170
9174
9176
9180
9181
9182
9183
9185
9187
9188
9190
9191
9199
9200
9201
9203
9208
9211
9213
9214
9215
9219
9220
9221
9223
9224
9225
9227
9228
9229
9231
9234
9237
9240
9242
9244
9245
9248
9249
9255
9256
9258
9259
9260
9262
9265
9269
9271
9272
9275
9279
9280
9282
9283
9286
9287
9290
9292
9293
9295
9297
9298
9299
9304
9305
9307
9312
9318
9319
9320
9321
9324
9325
9326
9328
9329
9330
9332
9333
9338
9339
9340
9341
9348
9351
9353
9367
9371
9372
9376
9378
9379
9382
9387
9389
9391
9392
9395
9397
9398
9399
9402
9403
9404
9406
9407
9408
9410
9412
9415
9416
9420
9421
9423
9426
9427
9428
9429
9430
9435
9438
9439
9440
9443
9444
9446
9447
9449
9450
9455
9459
9460
9461
9462
9463
9464
9470
9472
9474
9476
9479
9480
9481
9482
9483
9485
9486
9487
9490
9492
9493
9494
9495
9497
9499
9503
9504
9508
9509
9510
9512
9513
9522
9524
9525
9530
9532
9533
9534
9539
9541
9543
9546
9547
9548
9549
9550
9552
9561
9562
9563
9564
9566
9567
9569
9570
9573
9574
9577
9578
9579
9580
9581
9582
9585
9586
9589
9590
9591
9592
9596
9597
9598
9599
9600
9605
9606
9609
9611
9613
9614
9616
9617
9619
9621
9623
9624
9625
9627
9630
9631
9633
9634
9636
9641
9642
9643
9648
9650
9651
9653
9654
9655
9656
9657
9658
9659
9661
9662
9664
9665
9666
9668
9679
9681
9682
9684
9686
9687
9688
9689
9691
9693
9694
9696
9698
9699
9700
9703
9704
9705
9706
9707
9709
9710
9714
9715
9716
9717
9718
9720
9722
9723
9724
9726
9727
9728
9731
9734
9735
9738
9739
9740
9741
9742
9744
9746
9747
9748
9749
9750
9754
9755
9756
9760
9762
9764
9766
9767
9768
9769
9773
9777
9779
9782
9783
9785
9786
9789
9791
9792
9794
9795
9797
9805
9810
9811
9813
9815
9818
9819
9825
9826
9827
9828
9835
9836
9838
9840
9841
9843
9845
9848
9850
9851
9853
9854
9857
9858
9859
9865
9866
9867
9868
9869
9871
9873
9875
9877
9878
9880
9883
9885
9887
9888
9891
9893
9894
9900
9901
9907
9910
9911
9912
9914
9915
9916
9917
9918
9920
9921
9923
9925
9927
9929
9930
9931
9934
9936
9940
9945
9947
9949
9950
9951
9953
9954
9955
9956
9958
9961
9962
9965
9966
9969
9970
9971
9972
9974
9975
9976
9977
9979
9986
9987
9988
9991
9996
